time price
1512833420244 14530.4
1512833420445 14510.01
1512833420807 14530.4
1512833420870 14532.46
1512833420942 14515.87
1512833420943 14530.43
1512833421204 14530.43
1512833421589 14532.49
1512833421662 14509.38
1512833421926 14397.93
1512833422041 14537.45
1512833422359 14300
1512833422360 14532.49
1512833422762 14537.48
1512833422994 14537.48
1512833423067 14515.84
1512833423129 14532.46
1512833423181 14537.45
1512833423278 14537.48
1512833423278 14502.01
1512833423403 14500.16
1512833423681 14500.16
1512833423893 14511.28
1512833424040 14487.98
1512833424389 14509.01
1512833424390 14510.01
1512833424393 14509.38
1512833424474 14487.98
1512833424799 14511.28
1512833424823 14497.24
1512833424910 14514.79
1512833425066 14497.24
1512833425131 14504.77
1512833425237 14511.04
1512833425290 14532.5
1512833425322 14532.5
1512833425323 14511.04
1512833425459 14478.72
1512833425523 14502.01
1512833425524 14504.01
1512833425745 14502.02
1512833425956 14504.77
1512833426093 14515.86
1512833426136 14504.19
1512833426263 14530.37
1512833426444 14510.02
1512833426496 14510.02
1512833426664 14537.48
1512833426717 14537.48
1512833427066 14504.19
1512833427235 14503.7
1512833427299 14509.01
1512833427829 14504.24
1512833427934 14480.01
1512833428187 14510.02
1512833428364 14550.27
1512833428406 14550.27
1512833429384 14510.02
1512833429711 14626.27
1512833429712 14626.27
1512833429775 14626.27
1512833429872 14626.27
1512833429967 14626.27
1512833430181 14480.01
1512833430244 14626.27
1512833430569 14504.01
1512833430590 14509.01
1512833430601 14504.24
1512833432032 14626.27
1512833432191 14626.27
1512833432341 14550.27
1512833432490 14504.24
1512833432543 14480.01
1512833432987 14397.93
1512833432988 14503.71
1512833433192 14545.9
1512833433193 16100.63
1512833433203 16100.63
1512833433234 14502.02
1512833433328 16100.63
1512833433380 16100.63
1512833433495 14504.01
1512833433515 14503.7
1512833433547 14501.01
1512833433810 14500.88
1512833434011 14505.4
1512833434084 14666.21
1512833434136 14666.21
1512833434835 14480.01
1512833435544 14545.9
1512833435704 14500.88
1512833435915 14501.66
1512833435946 14550.28
1512833436677 14380.57
1512833436880 14501.66
1512833436995 14502.34
1512833437198 14484.77
1512833437612 14504.24
1512833437613 14503.71
1512833437615 14504.01
1512833438211 14501.67
1512833438534 14083.46
1512833438681 14550.28
1512833438684 14550.27
1512833438851 14550.31
1512833439160 14505.4
1512833439379 14502.01
1512833439470 14484.77
1512833439801 14501.5
1512833439885 14501.01
1512833440979 13730
1512833441018 14502.34
1512833441179 14550.31
1512833441338 14515.96
1512833441537 14550.31
1512833441901 14481.88
1512833442002 14510.03
1512833442310 14511
1512833442535 14510.02
1512833442536 14510.02
1512833442537 14515.98
1512833442757 14400
1512833443183 14550.27
1512833443270 14515.96
1512833443376 14503.61
1512833443949 14501.67
1512833443951 14502.01
1512833443952 14501.01
1512833444155 14481.88
1512833444297 14503.61
1512833444435 14501.86
1512833445056 14501.51
1512833445667 14550.27
1512833445670 14501.86
1512833445802 14501.56
1512833445996 14515.98
1512833446125 14511.02
1512833446271 14502.01
1512833446484 14482.67
1512833446877 14501.68
1512833447343 14449.96
1512833448210 14550.28
1512833448797 14482.67
1512833449477 14550.28
1512833450094 14501.51
1512833450095 14502.01
1512833450114 14501.68
1512833450614 12888
1512833450615 14550.28
1512833450678 14540
1512833451016 14504.01
1512833451317 14483.37
1512833451526 14550.28
1512833451937 14504.24
1512833452265 14501.5
1512833452445 14502.01
1512833452699 14478.72
1512833452964 14515.25
1512833453175 14487.58
1512833453249 14550.27
1512833453347 14550.27
1512833453380 14511.02
1512833453431 14483.37
1512833453442 14550.27
1512833453590 14487.58
1512833453685 14515.27
1512833454005 14496.35
1512833454006 14501.56
1512833454145 14511
1512833454166 14515.25
1512833454198 16100.63
1512833454230 16100.63
1512833454557 14523.05
1512833454906 14510.03
1512833454958 14501.01
1512833455118 14540.01
1512833455621 14515.27
1512833455622 14523.07
1512833455847 14504.25
1512833456133 14533.01
1512833456135 14540.01
1512833456336 14504.01
1512833456338 14504.24
1512833456339 14502.01
1512833456638 14511.03
1512833456639 14523.07
1512833456715 14550.3
1512833456757 14523.09
1512833456926 14504.01
1512833457160 14511
1512833457223 14512.55
1512833458061 14504.25
1512833458429 14523.05
1512833458739 14523.09
1512833458748 14496.35
1512833458905 14512.57
1512833459188 14532.8
1512833459230 14506.1
1512833459271 14504.24
1512833459919 14509.01
1512833460427 14512.56
1512833460522 14512.55
1512833460523 14545.24
1512833460736 14516.15
1512833461276 14550.29
1512833461604 14550.3
1512833461730 14565.31
1512833461731 14565.31
1512833461773 14550.32
1512833461804 14565.31
1512833461931 14565.31
1512833462283 14550.32
1512833462314 14506.1
1512833462325 14550.35
1512833462368 14532.8
1512833462389 14545.24
1512833462581 14504.01
1512833462584 14504.24
1512833462585 14509.01
1512833462680 14512.9
1512833462690 14512.56
1512833463114 14512.57
1512833463115 14539.34
1512833463116 14516.17
1512833463187 14550.29
1512833463605 14599.35
1512833463607 14599.35
1512833463637 14516.15
1512833463839 14518.68
1512833464422 14509.38
1512833464630 14610
1512833464767 14550.35
1512833464778 14540.01
1512833464968 14550.36
1512833464990 14506.11
1512833465043 14516.18
1512833465053 14550.35
1512833465344 14516.17
1512833465352 14518.7
1512833465503 14509.01
1512833466275 14535.65
1512833466784 8460
1512833466921 14518.68
1512833466984 14540.01
1512833467101 14514.79
1512833467313 14516.18
1512833467344 14518.7
1512833467462 14512.92
1512833467905 14550.36
1512833468522 14512.92
1512833468532 14514.81
1512833468586 14511
1512833468830 14550.31
1512833468852 14509.38
1512833468853 14506.11
1512833468854 14509.01
1512833468967 14550.37
1512833469753 14500
1512833469753 14514.82
1512833470283 14550.33
1512833470565 14509.38
1512833470630 14550.31
1512833471163 14509.01
1512833471268 14514.79
1512833471492 14512.85
1512833472313 14510.01
1512833474160 14551
1512833475167 14509.38
1512833475167 14509.01
1512833475170 14510.01
1512833475691 14509.38
1512833475903 14550.33
1512833476272 14509.02
1512833476388 14550.38
1512833477996 14551.01
1512833478316 14550.38
1512833478485 14510.01
1512833479177 14540.01
1512833479583 14550.37
1512833479902 14551.04
1512833480391 14539.34
1512833480401 14514.81
1512833480505 14512.92
1512833480750 14514.82
1512833480771 14532.77
1512833481199 14532.77
1512833481199 14509.38
1512833481200 14509.02
1512833481209 14512.9
1512833481230 14510.01
1512833481635 14528.87
1512833481667 14504.93
1512833481688 14596
1512833482095 14512.85
1512833482345 14516.06
1512833482418 14509.03
1512833482957 14540.01
1512833482958 14509.38
1512833483139 14504.24
1512833483362 14551.01
1512833483514 14510.01
1512833483790 14551.01
1512833484394 14596
1512833485252 14516.06
1512833485419 14504.24
1512833485421 14530.84
1512833485461 14596.01
1512833485587 14512.92
1512833485652 14516.08
1512833485736 14551.01
1512833486643 14552
1512833487053 14551.04
1512833487105 14552.03
1512833487466 14509.03
1512833487467 14530.84
1512833487468 14509.38
1512833487470 14510.01
1512833487488 14596.01
1512833487635 14533.08
1512833487793 14509.04
1512833487964 14596.01
1512833488082 14528.87
1512833488092 14504.93
1512833488165 14483.01
1512833488207 14551.05
1512833488489 14487.14
1512833488510 14512.84
1512833488541 14512.93
1512833488791 14550.53
1512833489185 14480.01
1512833489694 14596
1512833489961 14596
1512833490003 14509.04
1512833490236 14596
1512833490418 14552.03
1512833490841 14552.03
1512833490842 14486.84
1512833492354 14511.11
1512833492383 14492.34
1512833492589 14552
1512833492780 14594.2
1512833492854 14533.08
1512833493099 14521.79
1512833493162 14511.03
1512833493619 14594.2
1512833493640 14483.01
1512833493651 14480.01
1512833493682 14486.84
1512833494578 14552
1512833494631 14492.34
1512833494737 14516.08
1512833494771 14521.81
1512833494889 14504.01
1512833494984 14521.79
1512833495164 14506.23
1512833495216 14552.01
1512833495458 14506.3
1512833495772 14540.01
1512833496071 14506.23
1512833496176 14552.01
1512833496271 14552
1512833496388 14502.05
1512833496588 14552
1512833496705 14502.01
1512833497194 14502.05
1512833497196 14504.24
1512833497250 14501.66
1512833497294 14521.81
1512833497431 14493.36
1512833497463 14512.95
1512833497728 14540.01
1512833497783 14380.57
1512833498302 14595.47
1512833498346 14595.47
1512833498610 14595.47
1512833498767 14595.47
1512833498860 14552
1512833499670 14493.36
1512833499957 14504.01
1512833499959 14502.01
1512833499960 14504.24
1512833500881 14552
1512833501357 14501.66
1512833501612 14503.61
1512833501612 14447.16
1512833501674 14509.01
1512833502013 14494.06
1512833502108 14552
1512833502214 14552.01
1512833502288 14506.31
1512833502722 14552.01
1512833502764 14504.24
1512833503330 14552.01
1512833503444 14552.01
1512833503957 14552.01
1512833504146 14494.06
1512833504469 14512.84
1512833504757 14509.31
1512833505079 14552.01
1512833505281 14552
1512833505696 14552.03
1512833505968 14552.03
1512833506086 14509.01
1512833506107 14506.31
1512833506108 14504.24
1512833506255 14552.03
1512833506424 16023.57
1512833506466 16023.57
1512833506572 14492.78
1512833506816 14503.61
1512833506917 14501.56
1512833507639 14509.31
1512833507640 14487.14
1512833507708 14552
1512833507793 14551.05
1512833507877 14551
1512833507972 14550.53
1512833508057 14550.27
1512833508166 14486.84
1512833508187 14504.68
1512833508219 14481.2
1512833508325 1440
1512833508462 14480.01
1512833508802 14492.78
1512833509063 14483.01
1512833509827 14540
1512833510004 14550
1512833510035 14550
1512833510140 14352.59
1512833510244 14550
1512833510609 14512.95
1512833510630 14510.02
1512833510641 14447.16
1512833510819 14550
1512833510946 14512.93
1512833511238 14486.1
1512833512180 14501.56
1512833512232 14550
1512833512306 14486.84
1512833512315 14480.01
1512833512326 14483.01
1512833512367 14510.41
1512833512778 14510.02
1512833512896 14511.13
1512833513012 14483.01
1512833513277 14510.41
1512833513493 14515.18
1512833513494 14486.1
1512833513567 14481.21
1512833513962 14550
1512833514026 14504.68
1512833514174 14552.01
1512833514206 14552.01
1512833514407 14401.05
1512833514460 14550
1512833514587 14501.28
1512833514618 14440
1512833514692 14480.01
1512833515655 14481.2
1512833515772 14511.13
1512833515835 14515.2
1512833515922 14550
1512833516060 14479.62
1512833516061 14474.89
1512833516250 14550
1512833516473 14515.18
1512833516654 14515.86
1512833516708 14535.67
1512833517065 14515.2
1512833517078 14515.88
1512833517470 14401.05
1512833518128 14501.28
1512833518139 14479.62
1512833518289 14550.35
1512833518321 14550.35
1512833518491 14550
1512833518522 14483.01
1512833518523 14481.21
1512833518545 14480.01
1512833518597 14497.38
1512833519127 14497.38
1512833519181 14474.89
1512833519563 14493.24
1512833519748 14473.01
1512833519938 14469.4
1512833520340 14474.9
1512833520647 14473.61
1512833520955 14515.86
1512833520996 14503.61
1512833521368 14550
1512833521493 14396.38
1512833522083 14475.23
1512833522804 14473.61
1512833523324 14550
1512833523931 14493.24
1512833524089 14550
1512833524216 14489.03
1512833524746 14473.01
1512833524758 14474.9
1512833524782 14475.23
1512833525175 14470.37
1512833525561 14550
1512833525764 14618.3
1512833525765 14618.3
1512833525859 14499.01
1512833526330 14500
1512833526552 14515.88
1512833526605 14511.13
1512833526997 14497.01
1512833527007 14550.34
1512833527049 14550.34
1512833527145 14535.67
1512833527187 14550
1512833527568 14100
1512833527570 14470.37
1512833527573 14550
1512833528300 14550.03
1512833528302 14613.7
1512833528448 14613.7
1512833529377 14540.65
1512833529512 14613.7
1512833529679 14613.7
1512833529818 14471.45
1512833530771 14550.03
1512833530913 14550.03
1512833531055 14499.01
1512833531055 14500
1512833531056 14497.01
1512833531213 14613.7
1512833531214 14613.7
1512833531663 14468
1512833531867 14520
1512833532189 14471.45
1512833532422 14613.7
1512833532423 14613.7
1512833532742 14466.01
1512833533831 14613.8
1512833534087 14613.8
1512833534491 14472.38
1512833534515 14469.01
1512833534676 14540.65
1512833534748 14489.03
1512833535226 14496.42
1512833536173 14503.61
1512833536183 14515.18
1512833536820 14472.38
1512833536820 14536.53
1512833537234 14468
1512833537244 14466.01
1512833537266 14469.01
1512833537849 14469.4
1512833537869 14496.42
1512833537870 14257.78
1512833538126 14481.57
1512833538221 14550
1512833538337 14505.69
1512833538676 14475.23
1512833538677 14511.13
1512833538740 14515.2
1512833538772 16005.39
1512833538803 16005.39
1512833538973 14620.7
1512833539026 14620.7
1512833539047 14505.69
1512833539089 14481.57
1512833539155 14488.54
1512833539388 14515.18
1512833539441 14503.01
1512833539473 14500
1512833539611 14515.86
1512833539897 14503.01
1512833539898 14550
1512833539901 14480.64
1512833540055 14515.2
1512833540119 14515.88
1512833540129 14506.67
1512833540330 14472.39
1512833540920 14473.01
1512833541277 14550
1512833541381 14488.54
1512833542962 14550.4
1512833543013 14550.4
1512833543480 14475.23
1512833543500 14472.39
1512833543501 14473.01
1512833543702 14506.67
1512833543703 14550.4
1512833543704 14480.64
1512833543892 14489.73
1512833544008 14550.4
1512833544113 14513.99
1512833544160 14550.4
1512833544160 14488.68
1512833544246 14550
1512833544384 14501.01
1512833544405 14536.53
1512833544714 14513.99
1512833545019 14509.84
1512833545275 14502.01
1512833545571 14509.84
1512833545633 14550
1512833545784 14540
1512833545817 14511.11
1512833545914 14518.62
1512833546041 14489.73
1512833546042 14540.03
1512833546243 14515.89
1512833546348 14515.88
1512833546410 14540.03
1512833546591 14518.64
1512833546633 14540.03
1512833547068 14500.01
1512833547088 14515.86
1512833547190 14479.49
1512833547476 14542.65
1512833547477 14518.62
1512833547681 14300
1512833547691 14488.68
1512833547845 14518.86
1512833548194 14493.56
1512833548195 14515.89
1512833548205 14518.64
1512833548257 14518.88
1512833548323 14518.65
1512833548417 14497.01
1512833548661 14535.65
1512833549061 14479.49
1512833549070 14518.86
1512833549091 14493.56
1512833549186 14473.84
1512833549398 14524.23
1512833549737 14501.01
1512833549739 14502.01
1512833549741 14509.82
1512833549742 14500.01
1512833549769 14524.23
1512833550192 14534.72
1512833550414 14501.01
1512833550769 14497.01
1512833551284 14475.98
1512833551366 14473.84
1512833551556 14518.88
1512833551566 14510.02
1512833551567 14504.01
1512833552153 14475.98
1512833552299 14496.99
1512833552713 14502.01
1512833553104 14510.03
1512833553232 14496.99
1512833553411 14499.13
1512833553613 14534.72
1512833553944 14538.9
1512833554472 14499.13
1512833554660 14500.2
1512833555095 14509.82
1512833555172 14538.9
1512833555344 14510.03
1512833555419 9500
1512833555420 14542.65
1512833555492 14521.04
1512833555566 14543.78
1512833555587 14500.2
1512833555693 14521.04
1512833555725 14474.23
1512833555788 14543.78
1512833556074 14501.01
1512833556076 14511.77
1512833556077 14504.01
1512833556079 14502.01
1512833556191 14536.7
1512833556405 14536.7
1512833556417 14511.77
1512833556935 14556.95
1512833556936 14556.95
1512833556938 14556.95
1512833557149 14532.02
1512833557224 14556.95
1512833557339 15259.37
1512833557371 15259.37
1512833557625 15259.37
1512833557626 14556.95
1512833557629 14532.02
1512833557646 14496.01
1512833557741 14474.23
1512833557742 14541.11
1512833557744 14535.84
1512833557775 14533.02
1512833558748 14498.94
1512833558750 14525.19
1512833558752 14548.9
1512833558753 14541.12
1512833558779 14595.49
1512833558821 14595.49
1512833559008 14497.01
1512833559511 14541.12
1512833559564 14499.01
1512833559574 14498.94
1512833559648 14548.91
1512833559807 14514.99
1512833560072 14533.02
1512833560074 14510.02
1512833560605 14514.99
1512833560989 14595.5
1512833560990 14595.5
1512833560992 14508.08
1512833561294 14548.94
1512833561675 14541.12
1512833561719 14548.91
1512833561739 14508.08
1512833561866 14510.02
1512833562332 14496.01
1512833562332 14520.01
1512833562333 14497.01
1512833562333 14499.01
1512833562655 14608.83
1512833562739 14548.94
1512833562822 14535.84
1512833562937 14548.94
1512833562938 14499.01
1512833563253 14396.38
1512833563652 14556.96
1512833563949 14548.91
1512833563992 14548.9
1512833564066 14593.47
1512833564609 14520.01
1512833564700 14500
1512833564753 14552.02
1512833564988 14548.91
1512833565219 14525.19
1512833565220 14497.01
1512833565294 14552.02
1512833565376 14593.47
1512833565501 14525.21
1512833565566 14524.72
1512833565639 14556.96
1512833565935 14551.05
1512833565987 14510.02
1512833566039 14593.47
1512833566198 14507.59
1512833566623 14525.21
1512833566706 14525.23
1512833566931 14520.01
1512833567325 14551.06
1512833567326 14507.59
1512833567442 14496.12
1512833567495 14600
1512833567548 14600
1512833567654 14600
1512833568676 14499.01
1512833568679 14500
1512833568680 14497.01
1512833568739 14496.12
1512833568814 14507.2
1512833569268 14600
1512833569372 14551.06
1512833569455 14391.7
1512833569904 14499.01
1512833570108 14391.7
1512833570266 13777.77
1512833570277 12012.12
1512833570278 11888.88
1512833570288 11444.44
1512833570298 13333.33
1512833570299 13033.33
1512833570393 14496.01
1512833571346 14507.2
1512833571512 14511.29
1512833571602 14497.01
1512833571953 14600
1512833572173 14555
1512833572226 14555
1512833573457 14511.29
1512833573615 14385.97
1512833573626 14503.31
1512833574801 14499.01
1512833574822 14496.01
1512833574823 14497.01
1512833575034 14548.92
1512833575457 14556.97
1512833575478 14556.97
1512833575863 14503.31
1512833576054 14499.91
1512833576099 14499.01
1512833576461 14551.05
1512833577047 14548.92
1512833577134 14500
1512833577578 14551.08
1512833577790 14497.01
1512833577855 14543.4
1512833578224 14524.72
1512833578318 14551.05
1512833578434 14551.08
1512833578530 14551.08
1512833578551 14525.56
1512833578913 14543.4
1512833578914 14525.23
1512833579015 14525.58
1512833579528 14525.56
1512833579733 14542.24
1512833579812 14542.24
1512833579905 14541.12
1512833580040 14514.83
1512833580211 14520.01
1512833580626 14541.12
1512833580780 14518.65
1512833580962 16010.5
1512833580993 14528
1512833581015 14525.59
1512833581045 14499.01
1512833581084 16010.5
1512833581086 14500
1512833581087 14497.01
1512833581089 14525.58
1512833581199 14518.67
1512833581305 14541.12
1512833581715 14497.01
1512833582703 14600.2
1512833582748 14600.2
1512833582949 14499.01
1512833583290 14600.2
1512833583348 14600.2
1512833583441 14600.2
1512833583619 14496.01
1512833583757 14510.01
1512833584175 14600.2
1512833584196 14499.91
1512833584217 14600.2
1512833584376 14486.88
1512833584662 14545.07
1512833584704 14545.07
1512833585362 14486.88
1512833585520 14476.96
1512833585647 14600.2
1512833585700 14600.2
1512833585891 14545.07
1512833586187 14541.11
1512833586337 14541.11
1512833587228 14510.01
1512833587323 16010.5
1512833587345 14497.01
1512833587356 16010.5
1512833587367 14499.01
1512833587368 14496.01
1512833587620 14476.96
1512833587686 14475.11
1512833588643 14499.01
1512833588696 14000
1512833589184 14525.59
1512833589184 14518.67
1512833589236 14514.85
1512833589298 14528.01
1512833589778 14497.01
1512833590362 14604.4
1512833590394 14500
1512833590436 14604.4
1512833590679 14504.24
1512833591765 14604.4
1512833591817 14604.4
1512833593156 14604.4
1512833593198 14604.4
1512833593292 14604.4
1512833593618 14499.01
1512833593639 14497.01
1512833593660 14500
1512833593862 14540.03
1512833594373 14499.01
1512833594828 14539.94
1512833596015 14497.01
1512833596261 14475.11
1512833596471 14489.99
1512833596586 14496.01
1512833597095 14539.94
1512833597328 14489.99
1512833597738 14490.57
1512833598294 14590.6
1512833598356 14590.6
1512833599907 14499.01
1512833599916 14497.01
1512833599928 14496.01
1512833600013 14504.24
1512833600575 14499.01
1512833601867 14590.6
1512833601920 14590.6
1512833602283 14500
1512833603447 14501.01
1512833603457 14502.01
1512833604103 14537.68
1512833605727 14537.68
1512833605946 11000
1512833606021 14550
1512833606087 14541
1512833606119 14499.01
1512833606141 14500
1512833606161 14501.01
1512833606356 14540.03
1512833606356 14533.02
1512833606503 14550.03
1512833606545 13000
1512833606789 14506.3
1512833606790 14504.24
1512833607811 14550
1512833607896 14502.02
1512833608399 14490.57
1512833608504 14502.05
1512833608633 14550.03
1512833608647 14514.83
1512833608921 13777.77
1512833608922 14550.03
1512833609069 14511.11
1512833609143 14504.01
1512833609227 12502
1512833609418 14555.05
1512833609450 14555.05
1512833610032 14514.85
1512833610053 14511.13
1512833610159 14502.01
1512833610360 14555.06
1512833610455 12944
1512833610508 14555.06
1512833610645 14555.05
1512833610857 14528.01
1512833610899 14550.04
1512833611335 14502.05
1512833611400 14555.06
1512833611474 14505.65
1512833611612 14550.01
1512833611887 14450
1512833612014 14550.04
1512833612077 12944
1512833612122 14538.16
1512833612279 14533.02
1512833612341 14504.24
1512833612373 14502.02
1512833612384 14504.01
1512833612592 14502.06
1512833612853 14505.65
1512833613116 14504.09
1512833613117 14538.16
1512833613439 14550.01
1512833613600 14502.01
1512833613770 14511.11
1512833613801 14541.01
1512833614037 14598.5
1512833614058 14598.5
1512833614248 14598.5
1512833614386 14494.84
1512833614473 14550.04
1512833614568 14550
1512833614685 16010.5
1512833614727 16010.5
1512833614875 14502.06
1512833614907 14502.06
1512833615002 14504.09
1512833615131 14544.25
1512833615173 14503.9
1512833615311 14502.03
1512833615948 14385.97
1512833617001 14550
1512833617307 14486.64
1512833617787 14503.9
1512833617843 14669.28
1512833617844 14669.28
1512833618035 14496.12
1512833618353 14494.84
1512833618639 14502.01
1512833618641 14502.06
1512833618642 14502.03
1512833618691 14500.21
1512833618839 14496.12
1512833618956 14500.21
1512833618967 14495.05
1512833619115 14522.77
1512833619252 14502.07
1512833619559 16010.5
1512833619560 16010.5
1512833619562 14486.64
1512833619699 14495.74
1512833619913 14495.05
1512833620043 14522.77
1512833620126 14505.75
1512833620398 14502.02
1512833620689 14403.59
1512833620699 14519.36
1512833620945 14505.75
1512833621101 14495.44
1512833621279 14555
1512833621310 14555
1512833621321 14544.25
1512833621614 14502.04
1512833621634 14541.01
1512833621972 14483.61
1512833622113 14495.44
1512833622269 14505.94
1512833622574 14540.71
1512833622647 14550.03
1512833622879 14544.26
1512833623056 14519.36
1512833623140 14505.94
1512833623269 14495.34
1512833623712 14540.71
1512833623712 14526.96
1512833623797 14511.13
1512833623829 14510.02
1512833624163 14495.34
1512833624257 14483.61
1512833624374 14493.88
1512833624585 14541
1512833624638 14526.96
1512833624639 14495.74
1512833624640 14555.04
1512833624681 14555.04
1512833624808 14502.07
1512833624818 14502.02
1512833624860 14502.04
1512833624881 13000
1512833625011 14504.77
1512833625201 14533.06
1512833625295 14493.88
1512833625504 14512.26
1512833625681 14504.77
1512833625744 14542.25
1512833626067 14533.06
1512833626078 14510.38
1512833626393 14538.68
1512833626445 14512.26
1512833626446 14510.02
1512833626550 14512.28
1512833626571 14500.01
1512833626685 14499.23
1512833626717 14501.01
1512833627353 13533.33
1512833627458 13600
1512833627656 14499.23
1512833627687 14538.68
1512833627688 14511.87
1512833627760 14502.01
1512833628293 14501.01
1512833628356 14538.68
1512833628602 14511.87
1512833628663 14503.7
1512833629608 14503.7
1512833629638 14501
1512833629779 14512.46
1512833630220 14512.28
1512833630283 14512.48
1512833630750 14512.46
1512833630766 14501.76
1512833631149 14500.01
1512833631151 14502.01
1512833631193 14501.01
1512833631657 14544.26
1512833631658 14554.99
1512833631809 14554.99
1512833631811 14501.76
1512833631836 14502.01
1512833631983 14500.69
1512833632416 14501.02
1512833632596 14542.25
1512833632810 14550.04
1512833633193 14538.68
1512833633194 14510.38
1512833633194 14550.03
1512833633337 14550.07
1512833633337 14501.01
1512833633522 14521.18
1512833633523 14504.01
1512833633761 14549.18
1512833633762 14545.39
1512833634470 16010.5
1512833634471 14403.59
1512833634480 16010.5
1512833635049 14500.69
1512833635054 16010.5
1512833635086 16010.5
1512833635159 14512.48
1512833635169 14549.18
1512833635200 14521.18
1512833635295 14510.32
1512833635378 14521.2
1512833635503 14550
1512833635562 14521.18
1512833635771 14545.39
1512833635772 14510.01
1512833635871 14549.18
1512833636160 14510.32
1512833636361 14505.84
1512833637180 14505.84
1512833637314 14502.01
1512833637315 14512.26
1512833637316 14501.02
1512833637333 14504.01
1512833638008 14510.01
1512833638009 14504.24
1512833638010 14549.18
1512833638011 14521.18
1512833638104 14403.59
1512833638288 14512.26
1512833638340 14528.74
1512833638454 14506.62
1512833638676 14556.75
1512833638708 14555
1512833638761 14556.75
1512833638877 14555
1512833639110 14504.02
1512833639131 14521.2
1512833639226 14528.76
1512833639641 14528.74
1512833639948 14533.67
1512833640267 14599.99
1512833640310 14599.99
1512833640406 14521.21
1512833640865 14505.85
1512833641479 14506.62
1512833641636 14512.55
1512833641688 14550.07
1512833642092 14550.07
1512833642103 14528.76
1512833642251 14512.57
1512833642599 14521.21
1512833643128 14547.05
1512833643424 14550.04
1512833643564 14504.24
1512833643585 14504.02
1512833643596 14550
1512833643617 14505.85
1512833643691 14512.55
1512833643733 14550
1512833643850 13000
1512833643934 14509.83
1512833644146 12000
1512833644242 14528
1512833644454 14622.2
1512833644466 14622.2
1512833644841 14622.2
1512833644894 14622.2
1512833645042 14520.01
1512833645053 14547.05
1512833645428 14550
1512833645877 14622.2
1512833646180 14622.2
1512833646183 14504.03
1512833646211 14550.08
1512833646307 14622.2
1512833646368 14622.2
1512833646535 14504.24
1512833647138 14505.86
1512833647265 14622.2
1512833647318 14622.2
1512833647403 14622.2
1512833647499 14622.2
1512833647583 14622.2
1512833647689 14622.2
1512833647795 14622.2
1512833647943 14622.2
1512833648102 14622.2
1512833648154 14622.2
1512833648646 14550.08
1512833649091 14550.08
1512833649133 14550.09
1512833649186 14550.01
1512833649493 14620.7
1512833649567 14620.7
1512833649569 14520.01
1512833649769 14620.7
1512833649769 14620.7
1512833649789 14504.03
1512833649810 14505.86
1512833649811 14504.24
1512833650165 14512.57
1512833650269 14550.11
1512833650898 16010.49
1512833650899 16010.49
1512833651205 14550.01
1512833651226 14509.83
1512833651311 14550.12
1512833651430 14511.68
1512833651440 14550.09
1512833651586 14550.12
1512833651724 14550.11
1512833651732 14550.14
1512833651902 14520.01
1512833652207 14505.87
1512833652259 14550.12
1512833652280 14550.12
1512833652395 14550.15
1512833652416 14550.15
1512833652742 14509.01
1512833652981 12944
1512833653258 14504.24
1512833653363 14550.15
1512833653469 14550.15
1512833653471 14550.14
1512833653566 14550.08
1512833653874 14550
1512833653940 14550
1512833654057 14550.17
1512833654078 14546.95
1512833654798 14533.67
1512833654883 14550.17
1512833655094 14525.64
1512833655189 14550.09
1512833656066 14505.87
1512833656067 14509.01
1512833656068 14504.24
1512833656339 14546.95
1512833656370 14550
1512833656517 14520.01
1512833656518 14550.04
1512833656681 14505.88
1512833656862 14001
1512833657102 14550.2
1512833657237 14504.24
1512833657467 14550.17
1512833657488 14550.09
1512833657581 14550.22
1512833657738 14511.68
1512833657769 14509.01
1512833657832 14505.94
1512833657905 14550.2
1512833658054 14550.25
1512833658335 14525.64
1512833658513 14550.22
1512833658546 14550.27
1512833658651 14520.76
1512833658797 14505.94
1512833658891 14550.25
1512833658912 14520.76
1512833658964 14505.06
1512833659081 14550.3
1512833659113 11311
1512833659227 14512.22
1512833659509 14550.27
1512833659510 14782.67
1512833659561 14782.67
1512833659717 14550.32
1512833659822 14502.01
1512833660116 14550.3
1512833660148 14550.35
1512833660529 14550.32
1512833660561 14550.37
1512833660877 14550.35
1512833660930 14505.06
1512833661068 14550.4
1512833661185 14512.46
1512833661450 14550.37
1512833661577 14550.42
1512833661823 14403.59
1512833661897 14550.4
1512833662013 14550.45
1512833662100 14512.46
1512833662111 14502.01
1512833662238 14503.22
1512833662239 14505.88
1512833662248 14504.24
1512833662249 14509.01
1512833662375 14538.97
1512833662439 14550.42
1512833662576 14550.47
1512833662622 14538.97
1512833662634 14538.87
1512833662863 14509.01
1512833662895 14550.45
1512833663192 14550.5
1512833663193 14512.22
1512833663321 14532.62
1512833663437 14550.47
1512833663511 14532.62
1512833663512 14510.9
1512833663543 14550.52
1512833663834 14538.24
1512833663865 14550.5
1512833664077 14550.55
1512833664235 14503.22
1512833664522 14501.86
1512833664523 14550.52
1512833664532 14550.55
1512833664607 14538.24
1512833664661 14497.01
1512833664693 14550.57
1512833664797 14550.55
1512833665206 14505.89
1512833665248 14535.55
1512833665311 14501.86
1512833665561 14511.48
1512833665697 14404.22
1512833665718 14551
1512833665780 14504.24
1512833666193 14404.22
1512833666500 14511.48
1512833666637 14504.29
1512833666800 14497.01
1512833667414 14550.18
1512833668191 14550.18
1512833668481 14509.01
1512833668512 14505.89
1512833668524 14504.24
1512833668880 14550.57
1512833668922 14551.02
1512833669116 14497.24
1512833669179 14504.3
1512833669285 14281
1512833669393 14550.18
1512833669743 14504.29
1512833669743 14504.01
1512833669753 14503.99
1512833670178 14550.18
1512833670295 14504.24
1512833671206 14551.03
1512833671394 14497.24
1512833671529 14396.65
1512833671770 14503.99
1512833671990 14500.88
1512833673342 14502
1512833673738 14497.82
1512833674866 14504.3
1512833674867 14504.01
1512833674868 14504.24
1512833675068 12944
1512833675599 14669.28
1512833675641 14669.28
1512833675990 14504.24
1512833676033 14497.82
1512833676599 14504.01
1512833676652 9500
1512833677530 16010.49
1512833677571 16010.49
1512833677676 14502.01
1512833678252 14551
1512833678399 14396.65
1512833678399 14551.01
1512833678502 14497.44
1512833679107 14551.03
1512833679316 14407.37
1512833679378 14551.02
1512833679431 14551.05
1512833680226 14551.01
1512833680664 14497.44
1512833681009 14504.24
1512833681009 14504.01
1512833681019 14502.01
1512833681338 14500.88
1512833681518 14511.39
1512833681644 14502.01
1512833681983 14397
1512833682418 14511.39
1512833682502 14502.05
1512833682785 14504.24
1512833683056 14497.01
1512833683119 14551.03
1512833683364 14504.01
1512833683494 14502.05
1512833683770 14500.79
1512833684536 14551.06
1512833685266 14497.01
1512833685510 14407.37
1512833685511 14397
1512833686046 14551.03
1512833686546 14551.06
1512833687054 14551.05
1512833687055 14551.08
1512833687223 14502.01
1512833687255 14504.24
1512833687350 14504.01
1512833687583 14497.67
1512833688091 14551.06
1512833688516 14551.06
1512833689025 14504.24
1512833689575 14504.01
1512833690115 14497.67
1512833690147 14502.02
1512833692480 14498.07
1512833693475 14504.24
1512833693485 14504.01
1512833693527 14502.02
1512833694093 14551.06
1512833694166 14551.06
1512833694621 14551.09
1512833694772 14498.07
1512833695312 14551.09
1512833695852 14502.01
1512833696163 14551.09
1512833696369 14502.03
1512833696510 14551.09
1512833696605 14551.08
1512833696637 14551.11
1512833697082 14504.01
1512833697092 14497.01
1512833697600 14551
1512833699387 14497.01
1512833699736 14502.01
1512833699768 14502.03
1512833699769 14504.01
1512833700486 14502.04
1512833700593 16044.66
1512833700772 16044.66
1512833700774 14500.79
1512833700899 14499.13
1512833700920 14552
1512833700984 14502.01
1512833701367 14551.11
1512833701431 14552.02
1512833701751 14500.01
1512833701773 14499.13
1512833701920 14498.84
1512833702655 14504.01
1512833702919 14498.84
1512833702941 14499.23
1512833702994 14607.9
1512833703057 14607.9
1512833704302 14607.9
1512833704396 14607.9
1512833705073 14455.01
1512833705698 14607.9
1512833705718 14607.9
1512833705877 14551.09
1512833706025 14502.04
1512833706036 14502.01
1512833706057 14504.01
1512833706079 14551.09
1512833706295 14551.09
1512833706296 14500.01
1512833707416 14502.02
1512833707635 16044.66
1512833707636 14535.55
1512833707639 16044.66
1512833707679 16044.66
1512833707846 14281
1512833707909 14551.09
1512833707961 14552.03
1512833708205 14540.89
1512833708450 14552.03
1512833708451 14504.01
1512833708651 14504.24
1512833709006 14502.05
1512833709455 14510.9
1512833709456 14540.89
1512833709781 14000.01
1512833709822 14520.21
1512833710104 14546.26
1512833710261 14552.02
1512833710334 14552.05
1512833710335 14499.23
1512833710469 14501.56
1512833710889 14504.24
1512833711234 14553
1512833711433 14501.56
1512833711434 13000
1512833711547 14508.96
1512833711630 14552.05
1512833711693 14553
1512833711818 14553.02
1512833712036 14553.02
1512833712256 14502.02
1512833712266 14553.02
1512833712267 14504.01
1512833712277 14502.05
1512833712590 14553.02
1512833712937 14502.06
1512833713043 14553.02
1512833713210 14510.01
1512833714058 14508.96
1512833714060 14546.26
1512833714121 14503.02
1512833714661 14520.21
1512833714662 14504.24
1512833714672 14553.02
1512833714724 14549.84
1512833714745 14520.23
1512833715006 14549.84
1512833715006 14527.29
1512833715266 14552
1512833715319 14555.94
1512833715621 14510.01
1512833715819 14555
1512833715882 14504.01
1512833716133 14520.23
1512833716249 14527.31
1512833716659 14503.02
1512833716746 14552.03
1512833716823 14507.5
1512833717895 14510.01
1512833718064 14553.03
1512833718265 14555.94
1512833718360 14527.29
1512833718454 14502.06
1512833718486 14504.24
1512833718498 14504.01
1512833718571 14449.96
1512833718794 14532.41
1512833718794 16044.66
1512833718825 16044.66
1512833719005 14559.36
1512833719047 14527.31
1512833719112 14510.02
1512833719154 14533.02
1512833719714 14538.88
1512833719827 14500
1512833720122 14510.02
1512833720126 14533.04
1512833720179 14510.01
1512833720326 14552.03
1512833720381 14532.41
1512833720382 14559.36
1512833720593 14552.03
1512833720720 14540.65
1512833721021 14567.17
1512833721147 14533.04
1512833721253 14540.67
1512833721866 14567.17
1512833722157 14527.32
1512833722177 14552.03
1512833722584 14520.01
1512833722636 14559.37
1512833723181 14507.5
1512833723513 14509.73
1512833723629 14559.37
1512833723672 14540.65
1512833723800 14555
1512833723982 14553.03
1512833724141 14553
1512833724278 14548.71
1512833724299 14552
1512833724510 14407.26
1512833724733 14533.02
1512833724734 14538.88
1512833724764 14527.32
1512833724942 14540.67
1512833724943 14520.01
1512833724944 14417.65
1512833724952 14510.02
1512833725752 14552
1512833725985 14540.01
1512833726188 14585.89
1512833726220 14585.89
1512833726474 14509.73
1512833726485 14508.86
1512833726677 14540.66
1512833727295 14533.02
1512833727514 14502
1512833728386 14540.68
1512833729634 14560.48
1512833730464 14612.17
1512833730465 14612.17
1512833730600 14548.71
1512833730950 14540.01
1512833730960 14540.66
1512833731002 14540.68
1512833731045 14563.35
1512833731735 14560.48
1512833731756 14540.67
1512833731851 14508.86
1512833731853 14533.02
1512833732482 14509.83
1512833732830 14540.69
1512833732835 14407.26
1512833732836 14417.65
1512833732836 14540.01
1512833732925 14509.83
1512833733055 14513.53
1512833733489 14563.35
1512833733543 14560
1512833733896 14557.74
1512833734164 14540.7
1512833734271 14612.92
1512833734314 14612.92
1512833734859 14550
1512833737123 14480
1512833737123 14557.74
1512833737153 14540.67
1512833737164 14540.69
1512833737165 14540.01
1512833737417 14550.43
1512833737505 14510.02
1512833737536 14564.57
1512833737557 14612.92
1512833737589 14612.92
1512833737706 14564.57
1512833737707 14513.55
1512833737843 14540.7
1512833737907 14000
1512833738023 14554.99
1512833738044 14575.06
1512833738090 14575.06
1512833738300 14575.06
1512833738618 14540.7
1512833738980 14550.43
1512833739160 14575.06
1512833739276 14575.06
1512833739466 14575.06
1512833739593 14575.06
1512833739699 14575.06
1512833739741 14575.07
1512833739762 14540.68
1512833739952 14612.92
1512833740005 14560.01
1512833740154 14540.02
1512833740155 14575.07
1512833740336 14560.01
1512833740523 14575.07
1512833740524 14513.53
1512833740723 14612.92
1512833740859 14516.44
1512833741025 14572.7
1512833741026 14560.02
1512833741358 14560
1512833741641 14516.44
1512833741779 14586.02
1512833741959 14511.87
1512833742699 14511.87
1512833742879 14515.57
1512833743343 14586.02
1512833743345 14560.02
1512833743493 14540.7
1512833743494 14540.68
1512833743494 14540.02
1512833744069 14550.05
1512833744123 14614.01
1512833744160 14614.01
1512833744605 14575.07
1512833744798 14572.7
1512833744808 14560
1512833745634 14552.01
1512833745750 14555.18
1512833745823 14540.71
1512833746402 14550.01
1512833746952 14575.07
1512833747385 14614.01
1512833747529 14614.01
1512833747908 14552.01
1512833748074 14555.18
1512833748410 14513.55
1512833748500 14515.59
1512833748874 14575.07
1512833749066 14289.98
1512833749163 14515.57
1512833749374 14517.22
1512833749658 14550.05
1512833749707 14540.71
1512833749708 14550.01
1512833750390 14550.05
1512833750419 14552.01
1512833751428 14517.22
1512833751577 14523.54
1512833752496 14572.71
1512833752641 14550.01
1512833752862 14550.04
1512833752980 14624.47
1512833753023 14624.47
1512833753173 14551.01
1512833754218 14572.7
1512833754266 16044.66
1512833754313 16044.66
1512833754432 16044.66
1512833754563 14523.54
1512833754731 14519.65
1512833755144 14515.59
1512833755285 14550.07
1512833755577 14572.71
1512833755607 14519.65
1512833755702 14560.01
1512833755809 14523.45
1512833755871 14587.77
1512833755892 14550.05
1512833755925 14550.01
1512833755933 14551.01
1512833756671 14560.01
1512833756679 14523.45
1512833756858 14587.78
1512833756898 14517.51
1512833756985 14552.01
1512833757105 14551.01
1512833757124 14550.07
1512833757230 14510.02
1512833757697 14550.06
1512833757758 14517.51
1512833757927 14528.6
1512833758215 14587.77
1512833758276 14550.01
1512833758831 14587.78
1512833758853 14585.08
1512833758930 14560.01
1512833759394 14560.01
1512833759642 10200
1512833759686 14657.91
1512833759736 14657.91
1512833760041 14560.01
1512833760042 14600
1512833760045 14528.6
1512833760058 14572.71
1512833760087 14585.09
1512833760244 14518.97
1512833761117 14572.71
1512833761151 14585.09
1512833761175 14518.97
1512833761279 14529.57
1512833761689 14636.78
1512833761689 14572.71
1512833761694 14636.78
1512833761799 14657.91
1512833761852 14657.91
1512833762101 14551.01
1512833762104 14550.06
1512833762112 14550.01
1512833762414 14572.71
1512833762817 14551.01
1512833763701 14572.71
1512833763701 14151
1512833763853 14612.9
1512833763854 14612.9
1512833764334 14585.08
1512833764411 14572.71
1512833765090 14597.26
1512833765091 14552.01
1512833765192 14552
1512833765705 14555
1512833765713 14600
1512833765822 14597.26
1512833766172 14607.5
1512833767238 14500
1512833767656 14529.57
1512833767847 14533.76
1512833767926 14607.5
1512833768063 14502
1512833768081 14550
1512833768296 14551.01
1512833768341 14552.01
1512833768349 14555
1512833768512 14510.02
1512833768566 14552.03
1512833768702 14599.69
1512833768824 14599.69
1512833769221 14613.35
1512833769425 14613.35
1512833769531 14555
1512833770080 14606.23
1512833770446 14560.01
1512833770921 14600.01
1512833770928 14606.23
1512833771214 14650
1512833771265 14650
1512833771439 14552.01
1512833771461 14626.23
1512833771764 14600.01
1512833771887 14552.03
1512833771891 14551.01
1512833772157 14555.02
1512833772245 14626.24
1512833772809 14600.02
1512833773034 14626.23
1512833773634 14600
1512833773696 14626.24
1512833773811 14626.72
1512833773931 14626.72
1512833774401 14608.18
1512833774531 14608.18
1512833774562 13211
1512833774578 14555
1512833774603 14552.01
1512833774612 14551.01
1512833774892 14608.18
1512833775051 14600.02
1512833775294 14555
1512833775773 14636.68
1512833775813 14636.68
1512833776429 14552.01
1512833776934 14551.01
1512833777442 14560.01
1512833777640 14636.72
1512833777738 14600.01
1512833777765 14626.24
1512833777800 14637
1512833778205 14608.18
1512833778337 14608.19
1512833778347 14608.18
1512833778366 14637
1512833778367 14533.76
1512833778396 14637
1512833778498 14600.01
1512833778577 14519.46
1512833778971 14560.04
1512833779528 14519.46
1512833779679 14535.51
1512833779705 14636.29
1512833779706 14560.01
1512833779789 14560
1512833779828 14626.47
1512833780116 14560.04
1512833780194 14608.19
1512833780368 14550
1512833780369 14636.29
1512833780370 14555.05
1512833780537 14535.51
1512833780572 14626.47
1512833780728 14608.19
1512833780775 14522.57
1512833780797 14555.02
1512833780864 14555
1512833780878 14555.05
1512833780880 14551
1512833781001 14552.01
1512833781005 14551.01
1512833781006 14555.07
1512833781008 14637.23
1512833781009 14637.23
1512833781158 14637.23
1512833781324 14610.69
1512833781329 14555.08
1512833781329 14636.3
1512833781471 14637.23
1512833781475 14637.23
1512833781601 14637.23
1512833781723 14555.08
1512833781748 14551.01
1512833781926 14610.72
1512833782071 14610.72
1512833782100 14555.11
1512833782234 14560.05
1512833782235 14555.11
1512833782241 14440
1512833782259 14610.75
1512833782349 14610.75
1512833782690 14610.78
1512833782692 14522.57
1512833782694 16074.2
1512833782704 14610.78
1512833782771 16074.2
1512833782909 14637.23
1512833782910 14636.3
1512833782925 14503.51
1512833782951 14610.69
1512833783301 14637.24
1512833783301 14637.64
1512833783336 14600
1512833783594 14635.32
1512833783773 14510
1512833783774 14503.51
1512833783930 14637.64
1512833783933 14637.24
1512833784080 14552.01
1512833784223 14536.29
1512833784667 14560.08
1512833784667 14555
1512833784708 14635.32
1512833784781 14536.29
1512833784927 14503.99
1512833785094 14635.33
1512833785380 14635.33
1512833785429 14560.05
1512833785637 14635.33
1512833785741 14636.71
1512833785741 14560.08
1512833785970 14636.71
1512833786088 14635.33
1512833786213 14555.1
1512833786410 14555.1
1512833786663 14555.1
1512833786809 14640
1512833786811 14640
1512833786900 14640
1512833786959 14503.99
1512833786995 14640
1512833787120 14551.01
1512833787144 14552.01
1512833787152 14555
1512833787208 14553.4
1512833787757 14635.33
1512833787883 16074.2
1512833787955 16074.2
1512833788135 14553.4
1512833788347 14548.73
1512833788389 16074.2
1512833788431 16074.2
1512833788875 14608.2
1512833789103 14548.73
1512833789421 14552.62
1512833789484 14551.02
1512833790022 14550.01
1512833790179 14552.62
1512833790307 14549.32
1512833790603 14540.01
1512833791844 14471.21
1512833793139 14555.07
1512833793161 14555.12
1512833793162 14635.32
1512833793394 14551.02
1512833793395 14550.01
1512833793411 14540.01
1512833793506 14555.1
1512833793599 14555.15
1512833793817 14612.46
1512833794047 14555.12
1512833794131 14555.15
1512833794172 14555.17
1512833794287 14612.49
1512833795108 14608.2
1512833795193 14626.47
1512833795246 14100
1512833795595 14608.19
1512833795714 14549.33
1512833796285 14551.03
1512833796771 14612.46
1512833796866 14550.01
1512833797133 14612.49
1512833797208 14555.2
1512833797260 16074.2
1512833797312 16074.2
1512833797406 14607.83
1512833797636 14555.17
1512833797637 14555.22
1512833797853 14555.2
1512833797927 14607.86
1512833798000 14631.69
1512833798402 14635.34
1512833798561 14555.21
1512833798773 14549.32
1512833798776 14635.34
1512833798857 14527.92
1512833799251 14635.34
1512833799389 14635.33
1512833799770 14555.18
1512833799791 14549.33
1512833799792 14551.03
1512833799801 14550.01
1512833800077 14555.15
1512833800291 14555.18
1512833800396 14607.87
1512833800451 14550.01
1512833800694 14607.86
1512833800791 14607.9
1512833800897 14527.92
1512833801065 14635.33
1512833801183 14536.77
1512833802552 14635.33
1512833802555 14555.21
1512833802556 14631.69
1512833802574 14549.34
1512833802575 14551.04
1512833803173 14536.77
1512833803175 16074.2
1512833803198 16074.2
1512833803298 14539.2
1512833805025 13600.01
1512833805440 14555.23
1512833805630 13301
1512833805941 14607.9
1512833806023 14550.01
1512833806025 14555.18
1512833806026 14549.34
1512833806033 14551.04
1512833806315 14555.18
1512833806745 14551.05
1512833807168 14607.87
1512833807371 14607.87
1512833807383 14539.2
1512833807509 14538.04
1512833807593 14607.87
1512833807837 14607.83
1512833807964 14550.01
1512833808059 14607.83
1512833808176 14607.91
1512833808218 14607.91
1512833808697 14550
1512833809268 14607.91
1512833809280 14500
1512833809480 14552.01
1512833810242 14635.34
1512833810295 14635.34
1512833810646 14631
1512833810647 14471.21
1512833811825 14635.34
1512833812280 14551.05
1512833812283 14550.01
1512833812286 14552.01
1512833812290 14607.84
1512833812620 14635.34
1512833813106 14631
1512833813405 14552.02
1512833813820 1555
1512833813979 13605
1512833814233 14700
1512833814234 14700
1512833814328 14700
1512833814434 14700
1512833814551 14555
1512833814857 14555.22
1512833814858 14555.2
1512833815260 11800
1512833815653 14555.16
1512833815749 14607.91
1512833815848 14607.84
1512833817374 14555.23
1512833818433 14552.02
1512833818456 14555
1512833818467 14555.16
1512833819072 14552
1512833819238 14555.18
1512833819395 14607.84
1512833819481 14607.83
1512833819616 14555.18
1512833819669 14607.92
1512833819881 14552.03
1512833819901 14555.24
1512833820124 14601.73
1512833820347 14555
1512833820420 13000
1512833820524 14607.84
1512833820555 16103.99
1512833820597 16103.99
1512833820607 1555
1512833820712 16103.99
1512833820889 14555.21
1512833821017 14552.01
1512833821643 14607.92
1512833823590 14601.73
1512833823727 14607.91
1512833824196 14555.21
1512833824323 14603.19
1512833824727 14552.03
1512833824728 14555
1512833824729 14552.01
1512833825365 14552.02
1512833826361 14610
1512833826498 14552.04
1512833827647 16103.99
1512833827648 14555
1512833827667 16103.99
1512833827784 14555.25
1512833827816 14607.85
1512833827869 14538.04
1512833827964 14610
1512833828091 14539.01
1512833829695 14607.85
1512833830512 14603.19
1512833830531 14610
1512833830946 14552.02
1512833830967 14552.04
1512833830979 14555
1512833831053 14539.01
1512833831073 14555.2
1512833831169 14601.28
1512833831232 14555.27
1512833831264 14538.13
1512833831592 14552.03
1512833832153 14607.84
1512833832174 14555.24
1512833832732 14610
1512833832910 14552.05
1512833833392 14555
1512833833393 14601.28
1512833833882 14555.25
1512833833997 14616.64
1512833834049 14616.64
1512833834446 14616.64
1512833834901 14612
1512833835335 14610.01
1512833835631 14616.64
1512833836578 14612
1512833836992 14626.14
1512833837270 14552.03
1512833837271 14552.05
1512833837272 14555
1512833837292 14610.01
1512833837343 14555.28
1512833837510 14538.13
1512833837736 14540.08
1512833838504 14684.96
1512833838505 14684.96
1512833838559 14540.08
1512833838600 14550.01
1512833838809 14539.4
1512833839655 14539.4
1512833839698 14555.28
1512833839965 14550.1
1512833840112 14626.14
1512833840295 14552.06
1512833840982 14626.14
1512833841194 14552.04
1512833841226 14684.96
1512833841268 14684.96
1512833841440 14626.14
1512833841781 14626.14
1512833841853 14550.1
1512833841970 14626.14
1512833842176 14561.48
1512833842207 14607.92
1512833843019 14626.14
1512833843347 14626.15
1512833843378 14626.15
1512833843431 14550.01
1512833843463 14552.06
1512833843474 14552.04
1512833843589 14626.15
1512833844206 14684.96
1512833844217 14552.07
1512833844259 14684.96
1512833844366 14607.92
1512833845214 14552.05
1512833845433 14555.27
1512833845568 14561.5
1512833845651 14612
1512833845892 14607.91
1512833846385 14612.01
1512833846386 14684.96
1512833846426 14684.96
1512833846797 14612.01
1512833846999 14555
1512833847072 14620
1512833847718 16103.99
1512833847719 16103.99
1512833847845 14612.01
1512833848332 14561.48
1512833848520 14533.85
1512833849011 14612.01
1512833849407 14533.85
1512833849650 14524.22
1512833849672 14552.07
1512833849693 14552.05
1512833849725 14555
1512833849788 14632.28
1512833850073 14684.96
1512833850115 14684.96
1512833850380 14552.06
1512833851398 14607.92
1512833851505 14550.01
1512833851704 14524.22
1512833851942 14518.29
1512833852194 14684.96
1512833852226 14684.96
1512833853230 14612.01
1512833853314 14552.08
1512833854100 14607.92
1512833854777 14632.28
1512833855190 14612.01
1512833855305 14671.15
1512833855336 14671.15
1512833855929 14607.92
1512833855950 14552.06
1512833855971 14550.01
1512833855982 14607.92
1512833855993 14561.51
1512833856013 14552.08
1512833856627 14552.07
1512833856648 14561.5
1512833856702 14555.17
1512833857499 14671.15
1512833857541 14671.15
1512833857677 14610
1512833857792 14552.09
1512833858031 14561.51
1512833858157 14555.18
1512833858230 14607.92
1512833858879 14550.02
1512833859105 14555.18
1512833859592 14671.15
1512833859613 14671.15
1512833859772 14632.28
1512833860536 14607.92
1512833860726 16103.99
1512833860727 16103.99
1512833860811 14632.29
1512833861285 14518.29
1512833861369 14610
1512833861507 14536.09
1512833861643 14628.61
1512833861903 14613
1512833861924 14632.29
1512833862206 14552.07
1512833862248 14552.09
1512833862258 14550.02
1512833862715 14628.61
1512833862882 14555.16
1512833862914 14610.01
1512833863150 14632.29
1512833863494 14555
1512833863557 14612
1512833863969 14627.53
1512833864000 14536.09
1512833864022 14552.1
1512833864140 14539.3
1512833865160 14610.01
1512833865573 14627.53
1512833866599 14539.3
1512833866766 14540.66
1512833866800 16103.99
1512833866842 16103.99
1512833867097 14684.97
1512833867139 14684.97
1512833867530 14610.01
1512833867583 14555.18
1512833867996 14580
1512833868039 16103.99
1512833868070 14632.3
1512833868134 16103.99
1512833868499 14555.16
1512833868500 14555
1512833868520 14552.1
1512833868809 14632.3
1512833869753 14555.16
1512833869817 14684.97
1512833869869 14684.97
1512833870292 14607.92
1512833870696 14632.29
1512833870781 14632.28
1512833871299 14555.17
1512833871303 14555.18
1512833871458 14628.05
1512833872051 14555.18
1512833872517 14628.05
1512833873456 14626.07
1512833873893 14610.01
1512833874235 8888.8
1512833874246 16103.99
1512833874277 16103.99
1512833874824 14555.16
1512833874825 14607.92
1512833874827 14626.07
1512833874829 14555.18
1512833875078 14684.93
1512833875131 14684.93
1512833876043 14610
1512833877102 14607.92
1512833877345 14580.01
1512833877718 14610.01
1512833877790 14802.91
1512833877811 14802.91
1512833878127 16103.99
1512833878147 16103.99
1512833878314 14580.01
1512833878742 5900
1512833879675 14540.66
1512833879770 14539.88
1512833880078 14555.18
1512833880079 14632.28
1512833880911 14627.03
1512833881037 14607.92
1512833881057 14610.01
1512833881058 14580.01
1512833881723 14627.03
1512833881797 14639.95
1512833881829 14639.95
1512833882030 16099.38
1512833882072 16099.38
1512833882263 14580.01
1512833882489 14617.61
1512833882645 14555.19
1512833883222 14617.61
1512833883374 14555.19
1512833883744 14555.18
1512833883776 14555.21
1512833883892 14620
1512833884020 14607.92
1512833884192 14620
1512833884382 12365
1512833884911 14617.67
1512833884996 14539.88
1512833885070 14540.27
