time price
1512833420191 14636.84
1512833420562 14636.82
1512833420646 14629.99
1512833421005 14639.99
1512833421206 14592.47
1512833421422 14636.87
1512833421423 14629.99
1512833421443 14637
1512833421610 14636.9
1512833421704 21780
1512833421968 14875.74
1512833422062 14657.99
1512833422338 14869.45
1512833422338 14746.47
1512833422390 14636.87
1512833422761 14639.65
1512833422763 14916.24
1512833422858 14639.64
1512833422879 14629.98
1512833422941 14510.02
1512833422962 14913.54
1512833423015 14510.02
1512833423330 15087.99
1512833423447 14592.47
1512833423670 15147.83
1512833423680 14629.98
1512833423712 14625.9
1512833423713 14629.99
1512833423892 14629.97
1512833423955 14629.98
1512833423966 14714.2
1512833424188 14571.29
1512833424391 14639.99
1512833424392 14637
1512833424392 14639.66
1512833424421 14571.29
1512833424910 14913.54
1512833424982 14636.92
1512833425056 14530.4
1512833425174 14905.94
1512833425323 14530.4
1512833425534 14629.98
1512833425713 14869.45
1512833426009 14592.46
1512833426030 14562.03
1512833426083 14857.15
1512833426241 14510.02
1512833426263 14510.02
1512833426305 14636.93
1512833426379 14639.63
1512833426474 14654.84
1512833426495 14510.02
1512833426612 14626.25
1512833426728 14530.4
1512833426834 14630.99
1512833426855 14630.99
1512833426876 14639.64
1512833426897 14637
1512833426960 14530.32
1512833427024 14629.97
1512833427183 14629.98
1512833427439 14791.62
1512833427871 14917.71
1512833427924 14530.32
1512833428176 14629.98
1512833428177 14639.64
1512833428186 14510.02
1512833428197 14510.02
1512833428322 14639.62
1512833428407 14530.4
1512833429217 14629.98
1512833429269 14636.8
1512833429290 14629.97
1512833429713 14562.03
1512833429785 14592.46
1512833429873 14625.9
1512833429978 14626.25
1512833430202 14510.02
1512833430244 14510.02
1512833430536 15147.83
1512833430559 14636.92
1512833430570 14639.63
1512833430580 14637
1512833430945 15163.31
1512833430946 14630
1512833431202 14636.91
1512833431329 14629.98
1512833431458 14629.96
1512833431828 14636.79
1512833431924 14629.97
1512833431966 14571.28
1512833431987 14629.94
1512833432042 14571.28
1512833432043 14743.28
1512833432159 14626.27
1512833432201 14626.27
1512833432310 14510.02
1512833432345 14510.02
1512833432691 14857.15
1512833432765 14562.02
1512833432989 14866.93
1512833433213 14562.02
1512833433381 14562.02
1512833433484 14639.62
1512833433505 14629.96
1512833433526 14905.94
1512833433609 14639.61
1512833433653 14626.26
1512833433685 14829.6
1512833433695 14828.49
1512833433748 14901.95
1512833434021 14634.13
1512833434053 14629.99
1512833434147 14562.02
1512833434251 14562.02
1512833434293 14630.99
1512833434314 14565.41
1512833434376 15519.81
1512833434428 14745.51
1512833434460 14714.2
1512833435036 14629.94
1512833435036 14626.24
1512833435703 14626.26
1512833435713 14901.95
1512833435862 14626.23
1512833435863 14902.74
1512833436243 14626.24
1512833436244 14626.21
1512833436245 14634.13
1512833436444 14866.93
1512833436878 14852.45
1512833436879 14626.23
1512833436881 14902.74
1512833436882 14626.19
1512833436942 14903.44
1512833437037 14626.27
1512833437241 14625.7
1512833437314 14626.21
1512833437367 14626.17
1512833437611 14636.91
1512833437611 14636.79
1512833437614 14625.7
1512833437632 14630.99
1512833437727 15163.31
1512833437992 15103.99
1512833437993 14626.19
1512833438086 14625.69
1512833438420 14630.99
1512833438535 14626.17
1512833438538 14505.27
1512833438681 14625.67
1512833438682 14505.27
1512833438685 14505.27
1512833438809 14636.78
1512833439135 14625.7
1512833439411 14625.7
1512833439445 14565.41
1512833439980 14625.69
1512833440032 14639.61
1512833440106 14625.66
1512833440190 14561.51
1512833440191 14639.6
1512833440467 14636.9
1512833440980 14625.67
1512833441002 14625.64
1512833441024 14903.44
1512833441035 14637
1512833441178 14505.27
1512833441180 14505.27
1512833441316 14917.44
1512833441539 14626.27
1512833442051 21880
1512833442149 14625.66
1512833442239 14625.63
1512833442720 14625.64
1512833442768 14625.61
1512833443162 14505.27
1512833443173 14625.63
1512833443194 14505.27
1512833443273 14917.44
1512833443344 14625.69
1512833443456 14904.74
1512833443492 14626.2
1512833443950 14636.78
1512833443952 14636.9
1512833443953 14637
1512833444244 14625.69
1512833444318 14904.74
1512833444360 14625.6
1512833444498 14902.94
1512833444540 14637
1512833444681 15103.99
1512833444733 14625.61
1512833444785 14625.58
1512833444858 15062.99
1512833445666 14505.27
1512833445668 14505.27
1512833445670 14625.6
1512833445671 14902.94
1512833445674 15519.81
1512833445675 14791.62
1512833445803 14639.6
1512833445804 14625.57
1512833445804 14902.64
1512833445806 14745.51
1512833445807 14636.77
1512833445808 14639.59
1512833445809 14745.5
1512833445951 14918.36
1512833445997 14625.58
1512833446126 14625.55
1512833446483 14625.57
1512833446525 14625.69
1512833446878 14852.45
1512833447342 14858.7
1512833447480 14636.89
1512833447480 14625.69
1512833447660 14625.53
1512833447977 14625.55
1512833448104 14625.51
1512833448263 14630.99
1512833448446 14625.6
1512833448447 14639.64
1512833448533 14636.77
1512833448543 14625.53
1512833448776 14625.5
1512833448966 14566.99
1512833449181 14625.51
1512833449191 14625.48
1512833449680 14625.5
1512833449755 14625.47
1512833450093 14637
1512833450095 14636.77
1512833450115 14625.48
1512833450125 14636.89
1512833450156 14625.45
1512833451014 14625.47
1512833451015 14639.59
1512833451025 14639.58
1512833451077 14625.44
1512833451098 14566.99
1512833451546 14636.76
1512833451935 15062.99
1512833451936 15103.98
1512833451937 21980
1512833452191 14625.45
1512833452223 14625.42
1512833452646 14561.51
1512833452741 14902.64
1512833452804 14625.44
1512833453006 14625.41
1512833453017 14630.99
1512833453176 14550.27
1512833453207 14550.27
1512833453217 14550.27
1512833453250 14550.27
1512833453348 14550.27
1512833453379 14625.42
1512833453453 14550.27
1512833453527 14626.27
1512833453569 14575.02
1512833453686 14625.39
1512833453706 14629.99
1512833453984 14575.02
1512833454231 14625.39
1512833454558 14629
1512833454613 14626.2
1512833454905 14583.06
1512833454937 14625.41
1512833454958 15800
1512833455117 14625.38
1512833455620 14625.39
1512833455622 14625.36
1512833456134 14639.58
1512833456136 14625.38
1512833456144 14639.57
1512833456336 14625.35
1512833456337 14636.76
1512833456339 14630.99
1512833456340 14629.99
1512833456398 14625.41
1512833456646 14625.36
1512833456662 14745.5
1512833456662 14625.33
1512833456799 14745.49
1512833457159 14625.35
1512833457170 14625.32
1512833457564 14858.7
1512833457565 14629.99
1512833457617 14625.33
1512833457670 14625.3
1512833457871 14864.54
1512833458083 14630.99
1512833458220 14625.32
1512833458429 14625.28
1512833458492 15103.98
1512833458556 14610
1512833458620 15135.32
1512833458675 14583.06
1512833458696 14636.75
1512833458738 14625.3
1512833458821 14625.26
1512833459261 14625.28
1512833459390 14594.76
1512833459413 14625.25
1512833459920 14625.26
1512833459921 14625.23
1512833460321 14816.59
1512833460353 14625.25
1512833460554 14625.22
1512833460832 14943.75
1512833460874 14565.31
1512833460927 14625.23
1512833461149 14625.2
1512833461403 14625.22
1512833461404 14625.6
1512833461498 14639.57
1512833461530 14625.4
1512833461605 14625.32
1512833461605 14636.77
1512833461635 14639.56
1512833461805 14565.31
1512833461932 14565.31
1512833462036 14636.76
1512833462581 14625.4
1512833462582 14629.99
1512833462583 14630.99
1512833462584 14636.75
1512833462625 14625.19
1512833462679 14594.76
1512833462894 14565.31
1512833463113 14625.2
1512833463117 14625.17
1512833463166 14628.99
1512833463330 14599.35
1512833463607 14599.35
1512833463617 14625.19
1512833463753 14625.16
1512833463881 14920.24
1512833463924 14625.69
1512833464220 14625.17
1512833464221 14625.14
1512833464631 14610
1512833464736 14550.35
1512833464757 14625.16
1512833464779 14550.35
1512833464895 14625.13
1512833465087 14864.54
1512833465345 14625.14
1512833465397 15135.32
1512833465398 14625.11
1512833465439 14872.47
1512833465598 15147.83
1512833465863 14625.13
1512833465864 14920.24
1512833465937 14625.31
1512833466011 14918.84
1512833466085 14629.98
1512833466572 14823.04
1512833466783 14745.49
1512833466857 14625.31
1512833466858 14745.48
1512833466879 14639.56
1512833466880 14918.84
1512833466974 14625.1
1512833467038 14639.55
1512833467154 14916.24
1512833467397 14625.11
1512833467408 14625.08
1512833467461 14625.41
1512833467556 14824.15
1512833467937 15198.88
1512833467980 14625.1
1512833468022 14817.62
1512833468118 14625.07
1512833468331 14943.75
1512833468523 14625.08
1512833468649 14625.05
1512833468829 14817.62
1512833468850 14628.99
1512833468851 14625.69
1512833468855 14629.98
1512833469051 14594.75
1512833469274 14625.07
1512833469369 14943.3
1512833469530 14625.31
1512833469530 14625.12
1512833469531 14629.97
1512833470038 14629.99
1512833470200 14625.31
1512833470471 14625.03
1512833470779 14625.05
1512833470845 14625.01
1512833471025 14594.75
1512833471131 14623
1512833471258 14625.03
1512833471353 14625
1512833471797 14628.99
1512833471798 14625.01
1512833471799 14622.98
1512833472123 14872.47
1512833472314 15147.83
1512833472315 14639.55
1512833472335 14625
1512833472387 14916.24
1512833472419 14864.38
1512833472453 15140.99
1512833472514 14639.54
1512833472546 14622.97
1512833472588 14913.94
1512833472927 14631
1512833472980 14622.98
1512833473196 14622.95
1512833473439 14622.97
1512833473471 14622.99
1512833474461 14622.99
1512833474662 14622.94
1512833475161 14625.32
1512833475162 14625.04
1512833475163 14636.76
1512833475164 14629.97
1512833475165 14629.99
1512833475166 14622.95
1512833475169 14639.54
1512833475169 14628.99
1512833475171 14622.92
1512833475690 14622.94
1512833475701 14622.91
1512833475902 15600
1512833475902 14864.38
1512833475976 14610
1512833476123 14622.92
1512833476124 14816.2
1512833476166 14622.89
1512833476229 14868.95
1512833476367 14943.3
1512833476676 14622.91
1512833476719 14609.99
1512833476774 14622.88
1512833476816 14625.69
1512833477128 14625.7
1512833477149 14622.89
1512833477191 14622.86
1512833477234 14625.7
1512833477338 14629.96
1512833477637 14625.7
1512833477699 14622.88
1512833477943 14622.85
1512833477944 14625.7
1512833477945 14628.99
1512833478020 14639.54
1512833478146 14639.53
1512833478284 14622.86
1512833478390 14622.83
1512833478760 14609.99
1512833478792 14622.85
1512833478898 14622.99
1512833479176 15140.99
1512833479244 15127.99
1512833479901 14622.99
1512833480096 14625.12
1512833480097 14622.82
1512833480432 14622.83
1512833480433 14622.8
1512833481019 14622.82
1512833481050 14622.78
1512833481210 14625.69
1512833481220 14629.96
1512833481221 14628.99
1512833481498 14622.8
1512833481584 14622.76
1512833481932 14629.99
1512833481987 14622.78
1512833482085 14622.75
1512833482106 14913.94
1512833482346 14917.54
1512833482449 14622.76
1512833482512 14622.73
1512833483052 14622.75
1512833483108 14609.98
1512833483414 14868.95
1512833483842 14863.92
1512833484044 15750
1512833484086 14628.99
1512833484152 14609.99
1512833484290 14639.53
1512833484291 14505.37
1512833484405 14505.37
1512833484509 14639.52
1512833484697 14629.95
1512833485242 14917.54
1512833485420 14932.73
1512833485586 14745.48
1512833485588 14605
1512833486032 15127.99
1512833486085 15153.99
1512833486139 14609.99
1512833486601 14792.12
1512833486852 14918.36
1512833487052 14623
1512833487179 14863.92
1512833487465 14629.99
1512833487469 14505.37
1512833487487 14628.99
1512833487487 14629.95
1512833487489 14505.37
1512833487571 14851.86
1512833487857 14745.51
1512833487867 14625.04
1512833487933 14596.01
1512833487985 14596.01
1512833488093 14628.99
1512833488269 14639.54
1512833488364 14639.52
1512833488593 14629.94
1512833488891 14622.73
1512833488921 14628.97
1512833488931 14745.51
1512833489461 14505.37
1512833489514 14639.52
1512833489694 14505.37
1512833489757 14639.51
1512833489778 14595.95
1512833489799 14629.98
1512833489971 14595.95
1512833490237 14596
1512833490312 14595.5
1512833490344 14595.52
1512833490386 14628.99
1512833490439 14552.03
1512833490534 14745.5
1512833490555 15201.32
1512833490629 14595.52
1512833490979 15170.95
1512833491074 14595.56
1512833491459 14595.56
1512833491772 14932.73
1512833491773 14628.96
1512833491858 14937.53
1512833491910 14595.58
1512833492281 14595.58
1512833492588 14551
1512833492590 14551
1512833492711 14600
1512833492895 14937.53
1512833493099 15153.99
1512833493130 14923.43
1512833493163 15750
1512833493214 14614.21
1512833493310 15127.98
1512833493651 14629.94
1512833493661 14629.98
1512833493671 14628.99
1512833493930 14923.43
1512833494089 14921.54
1512833494142 14851.86
1512833494332 14628.96
1512833494546 14551
1512833494579 14551
1512833494705 14858.5
1512833494792 14614.21
1512833494932 14639.51
1512833494932 14599.97
1512833494995 14921.54
1512833495027 14639.5
1512833495111 14907.44
1512833495455 14628.99
1512833496071 14614.2
1512833496079 14907.44
1512833496123 14552
1512833496177 14552
1512833496282 14552
1512833496398 14599.97
1512833496451 14903.14
1512833496578 14551
1512833496599 14551
1512833496768 14595.47
1512833497195 14903.14
1512833497326 14628.97
1512833497379 14902.74
1512833497527 14628.94
1512833497559 14755
1512833498132 14628.96
1512833498175 14609.98
1512833498249 14628.93
1512833498347 14595.47
1512833498568 14551
1512833498611 14551
1512833498714 13229.09
1512833498767 13229.09
1512833498881 13229.09
1512833499956 14628.96
1512833499957 14628.99
1512833499958 14614.2
1512833500189 15127.98
1512833500365 15071.99
1512833500386 14639.5
1512833500574 14639.49
1512833500575 14745.5
1512833500576 14628.95
1512833500636 14745.49
1512833500880 13229.09
1512833500882 13229.09
1512833501177 14628.93
1512833501378 14902.74
1512833501611 14904.74
1512833502002 14601.37
1512833502066 14551
1512833502109 14551
1512833502353 14629.93
1512833503139 14595.49
1512833503267 13229.09
1512833503331 13229.09
1512833503413 14601.37
1512833503445 13229.09
1512833503580 14766.03
1512833503643 14628.98
1512833503695 14892.29
1512833503956 14551
1512833503957 14551
1512833504292 14858.5
1512833504514 14628.94
1512833504684 14628.91
1512833504684 14595.49
1512833504685 14849.45
1512833505280 13229.1
1512833505291 13229.1
1512833505439 14595.49
1512833505693 14639.49
1512833505694 14628.93
1512833505695 14904.74
1512833505780 14903.44
1512833505864 14639.48
1512833505864 14628.9
1512833505916 15600
1512833505917 14551
1512833505969 14551
1512833506075 14628.95
1512833506076 14628.93
1512833506118 14628.98
1512833506477 14595.49
1512833506815 14628.94
1512833506817 14903.44
1512833506928 14902.64
1512833507184 15071.99
1512833507290 14628.97
1512833507332 15076.42
1512833507660 14550
1512833507709 14550
1512833507794 14550
1512833507878 14550
1512833507973 14550
1512833507974 14823.04
1512833507994 14975.35
1512833508058 14550
1512833508282 14552
1512833508483 14824.15
1512833508557 14629.93
1512833508631 15062.56
1512833508695 14772.82
1512833508750 14773.93
1512833508834 14600
1512833508844 14628.9
1512833508969 14552
1512833509691 14628.99
1512833509785 14540
1512833509828 14540
1512833509952 14550.35
1512833510046 14550
1512833510151 14628.9
1512833510213 14507
1512833510245 14507
1512833510818 13218.18
1512833510820 13218.18
1512833510904 14628.99
1512833511018 14628.92
1512833511060 14639.48
1512833511102 14639.52
1512833511155 14639.47
1512833511248 14849.45
1512833511280 14636.99
1512833511635 14838.37
1512833511718 14604.99
1512833512044 14745.49
1512833512106 14745.48
1512833512201 14902.64
1512833512202 14507
1512833512242 14507
1512833512294 14628.94
1512833512305 14628.97
1512833512336 14628.99
1512833512430 14911.74
1512833512777 14628.91
1512833512851 14628.88
1512833513266 14628.9
1512833513278 14911.74
1512833513493 14628.91
1512833513504 14916.64
1512833513610 14595.49
1512833513782 15076.42
1512833513845 13227.27
1512833513877 17000
1512833513983 13227.27
1512833514078 14594
1512833514110 15064.99
1512833514207 14550.35
1512833514311 14595.49
1512833514312 14628.98
1512833514428 14507
1512833514470 14507
1512833515118 14838.37
1512833515195 14628.93
1512833515364 14825.3
1512833515375 14628.91
1512833515528 14595.49
1512833515549 14628.86
1512833515771 14628.96
1512833515880 14550
1512833515901 14605
1512833515923 14550
1512833516240 14507
1512833516261 14507
1512833516399 14555.6
1512833516473 14639.47
1512833516653 14639.46
1512833518322 14550.35
1512833518438 14507
1512833518448 14595
1512833518492 14507
1512833518544 14628.98
1512833518554 14628.93
1512833518565 14628.96
1512833518798 14825.3
1512833519103 14832.84
1512833519180 14628.92
1512833519518 14741.87
1512833519790 14741.87
1512833520689 15064.99
1512833520954 15093.99
1512833520955 14916.64
1512833520964 14628.87
1512833521049 14604.99
1512833521104 14904.74
1512833521274 14505
1512833521369 14505
1512833521370 14628.88
1512833521514 14628.84
1512833521546 14741.5
1512833521629 14628.95
1512833521871 14866.71
1512833521913 14639.46
1512833522082 14639.45
1512833522349 14609.99
1512833522592 14741.5
1512833523103 14628.86
1512833523104 14866.95
1512833523124 14628.83
1512833523303 14505
1512833523335 14505
1512833523451 14745.48
1512833523623 14741.49
1512833524026 13227.27
1512833524142 13227.27
1512833524227 14628.92
1512833524417 14636.99
1512833524427 14628.85
1512833524639 14636.98
1512833524745 14628.92
1512833524771 14628.87
1512833524772 14628.95
1512833525560 14505
1512833525561 14505
1512833525766 14550.35
1512833526277 14745.51
1512833526308 14741.49
1512833526383 14550.34
1512833526785 14555.6
1512833527060 14550.34
1512833527155 14550
1512833527198 14550
1512833527569 14639.45
1512833527571 14639.44
1512833527571 14505
1512833527572 14628.91
1512833527574 14505
1512833527981 15093.99
1512833528046 14628.83
1512833528301 15049.99
1512833528449 14550.34
1512833528454 14550.34
1512833528607 14628.84
1512833528608 14628.81
1512833528631 14628.86
1512833528895 14559.24
1512833529544 14628.83
1512833529680 14550.35
1512833529682 14628.8
1512833530612 14505
1512833530772 14505
1512833531057 14628.91
1512833531058 14628.83
1512833531059 14628.86
1512833531215 14550.35
1512833532190 14628.82
1512833532424 14550.35
1512833532763 14595
1512833533356 14628.8
1512833533778 14628.81
1512833533779 14628.78
1512833533906 14639.44
1512833534088 14550.35
1512833534195 14628.84
1512833534227 14550.34
1512833534266 14639.43
1512833534295 14559.24
1512833534737 15049.99
1512833535106 15076.42
1512833535107 14628.8
1512833535154 14628.77
1512833535906 14766.03
1512833535955 14550.34
1512833536011 14904.74
1512833536131 14916.64
1512833536228 14745.51
1512833536301 14893.08
1512833536354 14745.5
1512833536418 14556.8
1512833537234 14628.82
1512833537255 14628.8
1512833537265 14628.84
1512833537371 14628.85
1512833537467 14628.79
1512833537540 14636.98
1512833537661 14636.97
1512833538081 14628.79
1512833538179 14550
1512833538232 14550
1512833538678 14628.78
1512833538679 14628.75
1512833538814 14550.35
1512833539027 14550.35
1512833539240 14628.81
1512833539325 14628.77
1512833539367 14832.84
1512833539368 14639.43
1512833539505 14628.74
1512833539536 14639.42
1512833539674 14837.36
1512833539897 14550
1512833539899 14550
1512833539960 14628.83
1512833541276 13227.27
1512833541278 13227.27
1512833541850 14792.12
1512833542361 14918.46
1512833542672 14555
1512833543014 14550.35
1512833543479 14628.79
1512833543480 14628.81
1512833543489 14628.83
1512833543701 14550.34
1512833543705 14550.34
1512833543965 13227.27
1512833544008 14556.8
1512833544008 13227.27
1512833544215 14550
1512833544247 14550
1512833544415 14550.4
1512833544715 14628.8
1512833545634 14550
1512833545783 14639.42
1512833545793 14540
1512833545977 14628.74
1512833546094 14639.41
1512833546296 14745.5
1512833546317 14837.36
1512833546317 13227.27
1512833546337 14628.75
1512833546421 13227.27
1512833546569 14628.78
1512833546697 14628.72
1512833546718 14745.49
1512833546781 14844.41
1512833546782 14554.99
1512833547067 14916.64
1512833547089 14561.11
1512833547120 14879.96
1512833547845 14628.74
1512833547992 14628.71
1512833548563 15076.42
1512833548660 14549.63
1512833548701 14609.96
1512833548764 15093.99
1512833549014 14549.63
1512833549112 14879.96
1512833549239 14874.16
1512833549738 14628.8
1512833549740 14628.74
1512833549740 14628.78
1512833550768 14628.79
1512833550831 14609.98
1512833550852 14636.97
1512833550914 14628.73
1512833551042 14628.73
1512833551073 14639.41
1512833551074 14874.16
1512833551188 14639.4
1512833551219 14876.36
1512833551261 14609.99
1512833551618 14772.82
1512833551910 14773.93
1512833552101 14609.99
1512833552163 14876.36
1512833552351 14897.95
1512833552533 14784.65
1512833552649 14785.76
1512833552776 14595.49
1512833553221 14628.71
1512833553232 14844.41
1512833553655 14628.72
1512833553729 14628.69
1512833553943 14609.96
1512833554043 14593.97
1512833554469 14628.71
1512833554470 14593.97
1512833554471 14628.68
1512833554471 14609.95
1512833554661 14554.99
1512833554733 14628.69
1512833554776 14628.66
1512833554945 14897.95
1512833555043 14561.11
1512833555259 15093.99
1512833555291 14628.68
1512833555418 14628.65
1512833555439 15117.99
1512833555493 14609.95
1512833555640 14593.97
1512833555789 14628.66
1512833555873 14593.97
1512833555874 14628.63
1512833556075 14628.73
1512833556078 14609.99
1512833556079 14628.71
1512833556085 14609.95
1512833556415 14628.65
1512833556416 14639.4
1512833556489 14628.61
1512833556521 14639.39
1512833556629 14609.95
1512833556661 14554.99
1512833556723 14628.65
1512833556936 14554.99
1512833556939 14555
1512833557052 14593.97
1512833557053 15198.88
1512833557062 14593.97
1512833557170 14555.85
1512833557287 14555.85
1512833557382 14594
1512833557626 14595.49
1512833557628 14609.95
1512833557743 14745.49
1512833557754 14609.95
1512833557848 14609.99
1512833557869 14745.48
1512833558749 14609.95
1512833558751 14609.97
1512833558752 14609.95
1512833558754 14609.92
1512833558822 14595.49
1512833559009 14608.91
1512833559310 14609.92
1512833559437 14608.88
1512833560073 14628.63
1512833560075 14608.86
1512833560382 14608.88
1512833560416 14595.49
1512833560501 14608.83
1512833560585 14628.61
1512833560991 14595.5
1512833561718 14639.39
1512833561792 14639.38
1512833561919 14609.94
1512833562217 15117.99
1512833562269 14628.65
1512833562332 14609.99
1512833562332 14609.97
1512833562363 15127.99
1512833562634 14539.5
1512833562656 14539.5
1512833562750 14539.5
1512833563052 14595.5
1512833563263 14593.99
1512833563482 14628.99
1512833564182 14628.72
1512833564308 14608.91
1512833564361 14608.83
1512833564435 14593.96
1512833564475 14593.96
1512833564610 14595.47
1512833564647 14595.47
1512833564828 14608.8
1512833564989 14628.71
1512833565017 14612.03
1512833565251 14593.99
1512833565324 14593.47
1512833565377 14593.47
1512833565522 14608.8
1512833565622 14612.03
1512833565692 14595.47
1512833565910 14628.64
1512833565934 14595.47
1512833566177 14608.83
1512833566272 14611.06
1512833566315 14595
1512833566622 14608.86
1512833566624 14628.62
1512833566804 14628.62
1512833566868 14608.81
1512833567037 14628.71
1512833567177 14628.61
1512833567209 14608.83
1512833567210 14639.38
1512833567357 14608.78
1512833567389 14639.37
1512833567549 14595
1512833567654 14595.5
1512833567772 14792.45
1512833568068 14918.46
1512833568677 14628.99
1512833568678 14628.72
1512833568681 14628.64
1512833568877 14908.44
1512833569184 14628.61
1512833569185 15127.99
1512833569226 14600
1512833569269 14600
1512833569424 14628.63
1512833569541 15147.83
1512833570383 14609.94
1512833570384 14745.48
1512833571039 14628.7
1512833571347 14628.61
1512833571347 14908.44
1512833571425 14912.64
1512833571951 14555
1512833571952 14608.77
1512833571954 14555
1512833572078 14628.61
1512833572258 14555
1512833572259 14608.81
1512833572342 14628.61
1512833572343 14628.59
1512833572363 14639.37
1512833572427 14608.77
1512833572480 14639.36
1512833572501 14608.76
1512833572676 14609.98
1512833572749 14611.05
1512833572812 14608.78
1512833572823 14628.73
1512833572971 14608.73
1512833572972 14636.99
1512833573172 14608.77
1512833573426 14608.76
1512833573479 14912.64
1512833573542 14608.72
1512833573710 14904.44
1512833573861 14608.73
1512833574103 14608.69
1512833574207 14745.51
1512833574589 14608.72
1512833574632 14595.49
1512833574695 14608.68
1512833574716 14904.44
1512833574790 14628.63
1512833574823 14628.7
1512833574832 14628.61
1512833574854 14903.24
1512833575033 14608.69
1512833575129 14608.65
1512833575479 14555
1512833575586 14628.58
1512833575596 14608.68
1512833575779 14608.64
1512833575853 14903.24
1512833576064 14608.65
1512833576152 14900.95
1512833576183 15147.83
1512833576184 14608.61
1512833576321 15153.99
1512833576419 14548.47
1512833576462 14548.47
1512833576596 14628.62
1512833576638 14595.49
1512833576680 14608.64
1512833576826 14608.6
1512833577113 14608.61
1512833577197 14608.57
1512833577791 14608.6
1512833577792 14639.36
1512833577803 15198.99
1512833577928 14639.35
1512833577991 14608.56
1512833578223 14554.99
1512833578319 14608.57
1512833578329 14628.6
1512833578403 14548.47
1512833578435 14548.47
1512833578617 14611.06
1512833578859 14543.4
1512833578914 14543.4
1512833579734 14541.12
1512833579754 14608.53
1512833579813 14541.12
1512833579906 14541.12
1512833579938 14608.56
1512833580094 14602
1512833580142 14628.57
1512833580450 14608.53
1512833580510 14601.97
1512833580636 14541.12
1512833580816 14608.77
1512833581035 14628.58
1512833581046 14628.62
1512833581085 14554.99
1512833581088 14628.6
1512833582197 14628.57
1512833582406 14628.59
1512833582749 14554.99
1512833582875 14600.2
1512833583033 14986.94
1512833583051 15153.99
1512833583184 14601.97
1512833583185 15105.99
1512833583348 14554.99
1512833583458 14555
1512833583564 14600.17
1512833583683 14562.57
1512833584027 14628.57
1512833584176 14900.95
1512833584218 14555
1512833584440 14887.55
1512833584651 14611.04
1512833584715 14541.11
1512833584746 14639.35
1512833584873 14639.34
1512833585066 14602
1512833585067 14600.17
1512833585182 14601.97
1512833585224 14601.97
1512833585393 14887.55
1512833585425 14600.14
1512833585594 14877.36
1512833585637 14745.51
1512833585701 14555
1512833585796 14611.05
1512833585806 14541.11
1512833585817 14562.57
1512833585838 14745.5
1512833585891 14541.11
1512833585933 14600.14
1512833585966 14636.99
1512833586188 14541.11
1512833586189 14601.99
1512833586221 14541.11
1512833586242 14600.11
1512833586263 14598.5
1512833586264 14600.11
1512833586295 14628.99
1512833586338 14541.11
1512833586464 14995
1512833586485 14877.36
1512833586495 14554.99
1512833586517 14609.97
1512833586636 14875.76
1512833586699 14541.11
1512833587101 14609.97
1512833587197 14598.47
1512833587198 16003.36
1512833587355 14628.59
1512833587366 14554.99
1512833587376 14628.57
1512833587387 14611.04
1512833587472 14628.59
1512833587621 14629.98
1512833587624 14875.76
1512833587624 15841.03
1512833587760 14875.46
1512833588025 14628.98
1512833589204 14628.58
1512833589928 15105.99
1512833590054 15140.99
1512833590437 14554.99
1512833590594 14784.65
1512833590722 14785.76
1512833590796 14639.34
1512833590912 14639.33
1512833590944 14628.56
1512833591282 14785.39
1512833591345 14784.28
1512833591818 14554.99
1512833593199 14554.99
1512833593292 14555
1512833593607 14628.98
1512833593628 14628.58
1512833593660 14628.56
1512833594374 14560.25
1512833594871 14628.55
1512833595613 14628.57
1512833596118 14745.5
1512833596259 14745.49
1512833596260 14639.33
1512833596269 14875.46
1512833596333 14554.99
1512833596396 14639.32
1512833596513 14890.75
1512833596703 14560.25
1512833596820 15140.99
1512833597032 15115.73
1512833597138 14628.98
1512833597339 14890.75
1512833597518 14891.35
1512833598357 14554.99
1512833598925 14601.99
1512833599095 14598.46
1512833599116 14628.99
1512833599221 14628.55
1512833599908 14628.55
1512833599915 14628.57
1512833599929 14628.98
1512833601179 14628.97
1512833601645 14639.32
1512833601719 14628.56
1512833601812 14639.31
1512833601921 14554.99
1512833602145 14629.98
1512833602219 14628.54
1512833602818 14554.99
1512833602881 14628.99
1512833603309 14557.69
1512833604104 15115.73
1512833604105 15119.99
1512833604106 14554.99
1512833605253 14557.69
1512833606034 14554.99
1512833606120 14628.97
1512833606140 14628.56
1512833606151 14628.99
1512833606355 14598.47
1512833606461 14609.97
1512833606873 14598.45
1512833607074 14639.31
1512833607278 14639.3
1512833607331 14628.96
1512833607397 16000
1512833608155 14609.97
1512833608187 14628.51
1512833608400 14891.35
1512833608452 14628.55
1512833608580 14903.14
1512833608590 14550.03
1512833608646 14550.03
1512833608646 14598.5
1512833608857 14745.49
1512833608974 14745.48
1512833608995 14598.51
1512833609451 14555
1512833609556 14628.5
1512833609630 14628.53
1512833609842 14628.51
1512833609863 14609.97
1512833609884 14609.97
1512833609937 14628.54
1512833610095 14628.48
1512833610127 14628.47
1512833610190 14628.47
1512833610222 14628.5
1512833610286 14903.14
1512833610309 14609.94
1512833610434 13227.3
1512833610456 14904.64
1512833610466 14609.94
1512833610518 13227.3
1512833610635 14628.47
1512833610858 15119.99
1512833611026 15141.99
1512833611174 14628.47
1512833611259 14609.97
1512833611549 14558.17
1512833611782 14598.45
1512833611951 13227.3
1512833612015 13227.3
1512833612278 14598.46
1512833612331 14554.99
1512833612352 14628.96
1512833612383 14628.49
1512833612383 14628.55
1512833612404 14628.53
1512833612425 14628.55
1512833612529 14639.29
1512833612707 14558.17
1512833613117 14628.95
1512833613419 14639.3
1512833613495 14554.99
1512833613548 14639.28
1512833613653 14598.5
1512833613738 14598.51
1512833614059 14598.5
1512833614174 14598.44
1512833614196 14583.03
1512833614249 14583.03
1512833614407 14628.99
1512833614463 13807.6
1512833614474 13807.6
1512833614579 13807.6
1512833614748 14583.03
1512833614843 14609.99
1512833615532 14598.5
1512833615574 14555
1512833615873 14598.44
1512833615948 14628.54
1512833617000 14550
1512833617011 14550
1512833617691 15141.99
1512833617842 14904.64
1512833617844 14792.45
1512833617845 14555
1512833617846 14583.03
1512833617958 15140.99
1512833617979 14897.05
1512833618300 14917.87
1512833618639 14628.95
1512833618640 14628.99
1512833618643 14628.54
1512833618840 14639.28
1512833619051 14639.27
1512833619400 14582.78
1512833619561 14555
1512833619839 14628.48
1512833619945 14897.05
1512833620064 14906.94
1512833620398 14582.78
1512833620966 14628.94
1512833620967 14906.94
1512833621028 14579.37
1512833621133 14896.35
1512833621311 14555
1512833621613 14609.99
1512833621707 14598.5
1512833621919 14609.97
1512833621920 14628.45
1512833621951 14628.45
1512833622114 14896.35
1512833622115 14609.94
1512833622155 14609.94
1512833622175 14628.53
1512833622196 14583.02
1512833622300 14628.48
1512833622311 14907.14
1512833622363 14628.45
1512833622374 14628.43
1512833622384 14628.45
1512833622533 14609.91
1512833622553 14609.91
1512833622741 14628.45
1512833622984 14554.99
1512833623172 14907.14
1512833623268 14628.45
1512833623321 14583.02
1512833623322 14896.25
1512833623363 14609.96
1512833623363 14579.37
1512833623427 14628.4
1512833623649 14628.4
1512833623797 14609.93
1512833624077 14586.97
1512833624151 14554.99
1512833624162 14639.27
1512833624299 14639.26
1512833624681 14555
1512833624807 15140.99
1512833624809 14628.48
1512833624828 14628.94
1512833624861 14628.53
1512833624863 14586.97
1512833624955 15151.99
1512833625285 14896.25
1512833625347 14562.26
1512833625514 14913.64
1512833625515 14628.99
1512833625566 14593.07
1512833625608 14885.73
1512833625817 14593.07
1512833626036 14628.93
1512833626161 14554.99
1512833626477 14913.64
1512833626508 14628.42
1512833626633 14900.25
1512833626769 14598.69
1512833627176 14628.52
1512833627197 14630
1512833627426 14628.42
1512833627657 14900.25
1512833627823 14913.24
1512833627941 15450
1512833627962 14598.69
1512833628601 14628.42
1512833628603 14913.24
1512833628604 14598.69
1512833628708 14904.84
1512833629575 14628.42
1512833629607 14639.26
1512833629628 14904.84
1512833629709 14639.25
1512833629818 14913.84
1512833630115 14784.28
1512833630452 14786.68
1512833630750 14913.84
1512833630810 14902.84
1512833631147 14628.99
1512833631148 14628.93
1512833631150 14628.52
1512833631365 14785.39
1512833631657 15151.99
1512833631657 14787.8
1512833631810 14554.99
1512833631812 14902.84
1512833631837 14609.96
1512833631982 15195.67
1512833631982 14901.75
1512833632132 14562.26
1512833632954 14554.99
1512833632955 14628.51
1512833633338 14565.35
1512833633363 14628.42
1512833633521 14598.69
1512833633906 14628.4
1512833633938 14628.41
1512833634009 14609.19
1512833634079 14628.42
1512833634135 14556.08
1512833634195 14628.43
1512833634196 14628.49
1512833634332 14628.42
1512833634333 14609.93
1512833634396 14639.29
1512833634481 14555
1512833634576 14609.16
1512833634670 14659.99
1512833634681 14628.48
1512833635047 14628.41
1512833635048 14639.25
1512833635050 14901.75
1512833635087 14555
1512833635133 14628.4
1512833635201 14609.15
1512833635263 14639.24
1512833635337 14565.35
1512833635338 14911.64
1512833635451 14609.14
1512833635472 14609.19
1512833635504 14609.16
1512833635770 14609.12
1512833635904 14816.2
1512833636157 14609.14
1512833636158 14628.4
1512833636159 14609.15
1512833636159 14556.08
1512833636210 14911.64
1512833636211 14609.19
1512833636224 14628.41
1512833636267 14907.04
1512833636388 14624.5
1512833636463 14942.81
1512833637131 14628.41
1512833637181 14907.04
1512833637283 14609.11
1512833637331 14628.51
1512833637342 14628.42
1512833637353 14628.48
1512833637395 14913.64
1512833637597 14609.12
1512833637681 14609.08
1512833638138 15195.67
1512833638254 14609.11
1512833638286 15183.99
1512833638287 14609.19
1512833638318 14913.64
1512833638380 14609.07
1512833638486 14907.84
1512833638581 14628.41
1512833638698 14609.08
1512833638762 14555
1512833638879 14555
1512833638972 14609.04
1512833639004 14616.76
1512833639279 14817.42
1512833639642 14942.81
1512833639643 14616.76
1512833639673 14628.47
1512833639949 14817.42
1512833640257 14628.5
1512833640312 14555
1512833640373 14609.07
1512833640405 14639.24
1512833640458 14599.99
1512833640490 14942.87
1512833640513 14624.49
1512833640566 14639.23
1512833640599 14621.39
1512833641478 14624.49
1512833641489 14907.84
1512833641562 14621.38
1512833641688 14550.07
1512833641796 14913.94
1512833642124 14628.4
1512833642198 14621.36
1512833642558 14913.94
1512833642663 14911.44
1512833642716 14567.58
1512833643458 14558.09
1512833643553 14550
1512833643574 14628.41
1512833643597 14628.47
1512833643598 14550
1512833643606 14628.5
1512833643618 14621.38
1512833643712 14550
1512833643744 14550
1512833643839 14567.58
1512833643860 14621.35
1512833644242 14621.38
1512833644453 14621.39
1512833644467 14555
1512833644773 14620.15
1512833644895 14555
1512833645011 14628.42
1512833645097 14621.36
1512833645171 14620.13
1512833645192 14816.79
1512833645397 14550
1512833645429 14550
1512833645460 14558.09
1512833645533 14942.87
1512833645534 14628.41
1512833646181 14555
1512833646182 14564.13
1512833646368 14555
1512833646461 15500
1512833646800 14621.38
1512833646906 14621.35
1512833646927 14639.23
1512833647012 14620.11
1512833647064 14639.22
1512833647320 14555
1512833647339 14628.42
1512833647414 14564.13
1512833647509 14609.04
1512833647520 14659.99
1512833647593 14610
1512833647699 14610
1512833647805 14620.11
1512833647944 14620.13
1512833648049 14624.49
1512833648091 14659.98
1512833648155 14620.13
1512833648284 14624.49
1512833649006 15803.1
1512833649568 14620.13
1512833649768 14620.12
1512833649770 14620.12
1512833649779 14621.38
1512833649779 14628.41
1512833649821 14624.49
1512833650186 14620.13
1512833650217 14629.98
1512833650496 14629.99
1512833650900 14620.12
1512833651014 14628.99
1512833651237 14911.44
1512833651374 14913.04
1512833651628 15183.99
1512833651639 14637
1512833651826 15228.69
1512833652311 14913.04
1512833652353 14639.22
1512833652478 14914.24
1512833652509 14639.21
1512833653310 14550
1512833653363 14550
1512833653470 14550
1512833653575 14550
1512833653875 14550
1512833653941 14550
1512833654015 14621.38
1512833654131 14554.99
1512833654163 14620.11
1512833654799 14620.15
1512833654800 14567.71
1512833654808 12313.88
1512833654884 12313.88
1512833655137 14615.08
1512833655412 14615.08
1512833655571 14620.1
1512833655647 14624.48
1512833655835 14608.25
1512833656023 14629.99
1512833656024 14628.99
1512833656065 14637
1512833656562 14620.01
1512833656594 14624.48
1512833656595 14619.98
1512833656713 14554.99
1512833656757 14608.24
1512833657102 14567.71
1512833657874 14639.21
1512833657875 14914.24
1512833657884 14907.14
1512833657989 14639.2
1512833658241 15228.69
1512833658349 14628.99
1512833658408 15237.99
1512833658513 14608.25
1512833658892 14603.61
1512833659018 14629.98
1512833659112 14603.61
1512833659498 14599.7
1512833659562 14599.7
1512833659665 14624.49
1512833659791 14608.24
1512833659874 14624.48
1512833660751 14624.49
1512833660783 14624.49
1512833660836 14619.98
1512833660836 14620.01
1512833660837 14659.98
1512833660920 14620.1
1512833660973 14907.14
1512833661015 14659.97
1512833661121 14599.69
1512833661238 14913.84
1512833661450 14624.48
1512833662101 14913.84
1512833662269 14628.99
1512833662270 14629.98
1512833662271 14904.34
1512833662291 14624.49
1512833662686 15992
1512833662896 14599.7
1512833663194 14639.2
1512833663244 14904.34
1512833663245 14639.19
1512833663353 14903.14
1512833663374 14791.54
1512833663448 14629.97
1512833663609 14917.87
1512833663876 14629.98
1512833663950 14629.95
1512833664024 14586.26
1512833664130 14586.23
1512833664151 14629.99
1512833664183 14598.25
1512833664237 14624.48
1512833664521 14791.54
1512833664524 13822.55
1512833664553 13822.55
1512833664672 14620.12
1512833664745 14628.99
1512833664881 14620.11
1512833664902 14598.25
1512833664912 14918.48
1512833665217 15237.99
1512833665290 14624.48
1512833665321 14903.14
1512833665426 15244.99
1512833665509 14912.84
1512833665613 14598
1512833665981 14586.26
1512833666055 14586.23
1512833666098 14596.19
1512833666119 14596.22
1512833666383 14599.69
1512833666501 14912.84
1512833666542 14586.22
1512833666585 14791.23
1512833666714 14905.44
1512833666715 14598
1512833666821 14918.48
1512833667075 14596.29
1512833667594 14624.48
1512833667747 14624.46
1512833667810 14608.24
1512833668492 14629.97
1512833668502 14629.99
1512833668503 14628.99
1512833668523 14624.48
1512833668533 14639.19
1512833668638 14639.18
1512833669774 14608.24
1512833670179 14596.23
1512833670200 14596.22
1512833670231 14596.2
1512833670316 14786.68
1512833670708 14790.49
1512833670815 14628.98
1512833670899 14596.19
1512833671249 14630
1512833671383 14624.49
1512833671425 14624.45
1512833671655 14586.21
1512833671770 14905.44
1512833671989 14901.95
1512833671991 14624.47
1512833672023 15244.99
1512833672241 15167.99
1512833672485 14787.8
1512833672899 14791.6
1512833673810 14624.49
1512833673884 14639.18
1512833673915 14624.45
1512833673978 14659.97
1512833673999 14639.17
1512833674031 14586.21
1512833674084 14639.18
1512833674239 14624.46
1512833674280 14629.95
1512833674302 14596.23
1512833674302 14592.05
1512833674322 14596.2
1512833674409 14592.08
1512833674409 14636.98
1512833674440 14624.42
1512833674869 14628.98
1512833674870 14624.49
1512833674871 14624.47
1512833675433 14628.97
1512833675642 14586.22
1512833675662 19927.69
1512833677177 14624.49
1512833677572 14586.22
1512833678314 14624.46
1512833678398 14592.08
1512833678419 14586.09
1512833678450 14586.06
1512833678753 14586.21
1512833679003 15167.99
1512833679160 15093.99
1512833679211 15170.95
1512833679673 14596.29
1512833679840 14586.22
1512833679923 14639.17
1512833679965 14593.22
1512833680070 14639.16
1512833680247 15138.11
1512833680331 14624.41
1512833680424 14586.05
1512833680633 14586.21
1512833680988 14628.97
1512833681010 14624.49
1512833681032 14624.46
1512833681317 14624.41
1512833681327 14592.05
1512833681348 14901.95
1512833681518 14912.74
1512833682322 14624.49
1512833682419 14912.74
1512833682554 14903.14
1512833683343 14624.45
1512833683504 14903.14
1512833683769 14901.85
1512833683927 14624.45
1512833684483 14628.96
1512833684748 14624.4
1512833685594 15093.99
1512833685626 14639.16
1512833685721 14639.15
1512833685766 15128.85
1512833686863 14586.05
1512833687138 16990
1512833687234 14624.49
1512833687351 14624.45
1512833687361 14628.96
1512833687900 14624.49
1512833688506 14624.44
1512833690737 14628.95
1512833691155 14639.15
1512833691176 14639.14
1512833692543 15128.85
1512833692681 15131.99
1512833693329 15997.88
1512833693443 14586.04
1512833693454 14624.49
1512833693464 14624.44
1512833693527 14628.95
1512833693829 14586.05
1512833693830 14624.4
1512833694094 14624.49
1512833694322 14586.05
1512833694420 14586.03
1512833694664 14624.44
1512833695259 14624.41
1512833695746 14586.04
1512833695747 14624.41
1512833695767 14624.45
1512833695788 14586.04
1512833695853 14842.58
1512833695904 14624.39
1512833695937 14639.18
1512833696160 14624.42
1512833696161 14639.13
1512833696162 14801.6
1512833696212 14624.38
1512833696411 14639.14
1512833696520 14639.13
1512833697706 15328.63
1512833698837 15205.45
1512833699483 15131.99
1512833699705 14624.49
1512833699715 15087.06
1512833699716 14624.44
1512833699725 14624.41
1512833700773 14586.03
1512833700836 15062.56
1512833701463 14702.73
1512833701516 14624.43
1512833701772 14639.13
1512833701984 14639.12
1512833702079 14624.48
1512833702624 14791.23
1512833703058 14586.03
1512833703163 14918.65
1512833703216 14624.4
1512833704397 14586.03
1512833705443 14586.04
1512833705697 14624.41
1512833705740 14586.03
1512833706037 14586.03
1512833706046 14624.43
1512833706047 14624.48
1512833706078 14624.4
1512833706294 14586.05
1512833706610 15087.06
1512833706673 14624.47
1512833706766 15127.99
1512833707123 14639.12
1512833707322 14639.11
1512833707640 14586.05
1512833707689 14586.06
1512833707783 14586.02
1512833707847 14593.22
1512833707898 14628.99
1512833707919 14629
1512833708449 14624.37
1512833708512 14600.9
1512833708662 14624.38
1512833708755 14624.34
1512833708787 14636.98
1512833708829 14624.35
1512833709090 14624.39
1512833709142 14624.35
1512833709267 14636.96
1512833709298 14639.13
1512833709330 14624.37
1512833709402 14639.11
1512833709528 14624.49
1512833709781 14600.9
1512833710344 14901.85
1512833710355 14624.33
1512833710417 14606.27
1512833710522 14902.64
1512833710701 14624.34
1512833710743 14790.49
1512833710806 14624.3
1512833710848 14624.3
1512833710962 14606.24
1512833711432 14624.33
1512833711433 14902.64
1512833711609 14910.24
1512833711661 14452.05
1512833711734 14452.05
1512833711953 14786.83
1512833711963 14452.05
1512833712037 14452.05
1512833712235 14452.05
1512833712245 14624.47
1512833712257 14628.99
1512833712268 14452.05
1512833712287 14624.49
1512833712330 14791.6
1512833712392 14586.09
1512833712465 14586.09
1512833712549 14452.05
1512833712600 14452.05
1512833712718 14787.95
1512833713010 14550.15
1512833713064 14550.15
1512833713484 14624.46
1512833714059 14910.24
1512833714068 14624.49
1512833714173 14904.14
1512833714392 14606.27
1512833714588 14586.09
1512833714589 14639.11
1512833714609 14639.1
1512833714693 14606.24
1512833714703 14636.96
1512833714797 14636.98
1512833714828 14624.34
1512833715214 14628.98
1512833715622 14615.95
1512833715683 14636.97
1512833715913 14624.34
1512833716132 14615.92
1512833716134 14636.98
1512833716135 14615.93
1512833716421 14615.93
1512833716496 14615.9
1512833716646 14636.97
1512833716647 14816.79
1512833716768 14615.91
1512833716802 14615.92
1512833716908 14615.87
1512833717003 14624.37
1512833717217 14943.45
1512833717270 14615.9
1512833717302 14615.85
1512833717693 14615.87
1512833717715 14615.82
1512833717725 14615.91
1512833717820 14615.84
1512833718106 14586.06
1512833718164 14585.91
1512833718180 14615.85
1512833718191 14615.8
1512833718317 14624.36
1512833718465 14624.46
1512833718476 14624.49
1512833718487 14628.98
1512833718497 14615.82
1512833718560 14615.95
1512833718793 14615.77
1512833718795 14615.84
1512833718825 14585.91
1512833718952 14615.78
1512833719048 14615.8
1512833719206 14615.75
1512833719269 14619.37
1512833719509 14615.77
1512833719712 14615.72
1512833719713 15127.99
1512833719806 14586.02
1512833719921 14615.78
1512833720123 14615.75
1512833720124 14615.74
1512833720125 14639.1
1512833720178 14615.7
1512833720199 14639.09
1512833720262 14624.49
1512833720402 14615.72
1512833720529 14619.34
1512833720561 15140.99
1512833720593 14619.34
1512833720667 14619.37
1512833720783 14615.67
1512833720826 14624.45
1512833720999 14615.74
1512833721168 14615.7
1512833721179 14615.69
1512833721306 14615.65
1512833721338 14627.18
1512833721391 14624.36
1512833721475 14615.67
1512833721571 14624.33
1512833721654 14624.33
1512833721750 14585.91
1512833721793 14615.64
1512833721824 14567.17
1512833721867 14567.17
1512833721888 14842
1512833721972 14585.9
1512833722004 14585.89
1512833722036 14585.92
1512833722046 14615.64
1512833722156 14615.69
1512833722158 14615.62
1512833722198 14615.65
1512833722209 14624.35
1512833722230 14624.37
1512833722281 14624.34
1512833722365 14624.36
1512833722396 14639.11
1512833722417 14968.99
1512833722501 14659.99
1512833722532 14615.62
1512833722730 14624.33
1512833723179 14624.34
1512833723180 14624.35
1512833723180 14624.31
1512833723182 14904.14
1512833723221 14624.33
1512833723252 14624.32
1512833723341 14624.3
1512833723460 14911.04
1512833723630 14559.37
1512833723675 14627.18
1512833723738 14624.31
1512833723810 14555
1512833723929 14624.28
1512833723983 14553.03
1512833724120 14634.42
1512833724151 14553
1512833724257 14624.3
1512833724310 14552
1512833724436 14553
1512833724447 14624.25
1512833724735 14624.49
1512833724743 14624.45
1512833724754 14624.36
1512833724774 14553
1512833724941 14624.28
1512833725004 14624.23
1512833725328 14639.09
1512833725348 14624.25
1512833725390 14624.44
1512833725507 14624.2
1512833725549 14624.32
1512833725559 14639.08
1512833725750 14552
1512833725751 14634.41
1512833725752 14624.36
1512833725753 14552
1512833726221 14585.89
1512833726678 14585.92
1512833726679 14567.92
1512833726680 14567.95
1512833726708 14624.32
1512833727128 14624.49
1512833727243 15140.99
1512833727378 15175.97
1512833727420 14634.41
1512833727441 14911.04
1512833727535 14624.19
1512833727607 14909.94
1512833727681 14624.35
1512833727806 14624.23
1512833727848 14624.2
1512833727849 14624.18
1512833728006 14624.16
1512833728069 14585.89
1512833728215 14634.42
1512833728354 14624.18
1512833728449 14624.14
1512833728502 14624.19
1512833728587 14624.15
1512833728830 14638.57
1512833728831 14624.16
1512833728832 14567.95
1512833728872 14624.11
1512833728978 14638.57
1512833729232 14634.66
1512833729265 14624.14
1512833729285 14624.09
1512833729603 14624.11
1512833729635 14624.15
1512833729721 14624.06
1512833729784 14624.1
1512833729951 14585.9
1512833730159 14624.09
1512833730211 14624.04
1512833730212 14909.94
1512833730466 14567.92
1512833730507 14624.06
1512833730579 14634.66
1512833730642 14624.01
1512833730683 14624.1
1512833730704 14639.08
1512833730875 14639.07
1512833730886 14624.03
1512833730886 14567.92
1512833730928 14568.52
1512833730949 14624.44
1512833730960 14568.55
1512833730981 14649.31
1512833730982 14624.49
1512833730992 14624.35
1512833731003 14624.04
1512833731174 14623.99
1512833731206 14624.01
1512833731322 14624
1512833731485 14624
1512833731736 14623.96
1512833731850 14568.55
1512833731852 14568.55
1512833731852 14624.03
1512833731854 15500
1512833732050 14623.98
1512833732482 14623.99
1512833732735 14571.31
1512833732736 14623.94
1512833732831 14624.32
1512833732832 14623.96
1512833732833 14623.91
1512833732834 14624.03
1512833732841 14623.98
1512833732842 14623.94
1512833732883 14623.89
1512833732936 14636.99
1512833733086 14649.31
1512833733204 14623.91
1512833733331 14634.65
1512833733383 14623.86
1512833733458 14644.93
1512833733748 14644.93
1512833733749 14568.52
1512833733750 14568.55
1512833733801 14568.71
1512833733864 14623.89
1512833733928 14866.95
1512833733949 14623.84
1512833733950 14636.99
1512833733970 14624.43
1512833734068 14639.56
1512833734111 14623.85
1512833734153 15175.97
1512833734259 14623.86
1512833734314 14568.71
1512833734430 15255.73
1512833734462 14623.81
1512833734507 14995.12
1512833734559 14624.49
1512833734848 14623.84
1512833734933 14623.79
1512833735028 14623.85
1512833735123 14623.8
1512833735239 14623.81
1512833735250 14568.71
1512833735313 14569.04
1512833735356 14569.01
1512833735366 14624.36
1512833735409 14623.76
1512833735485 14636.99
1512833735547 14659.99
1512833735789 14659.98
1512833735790 14623.79
1512833735800 14623.74
1512833736126 14623.76
1512833736127 14623.8
1512833736190 14639.07
1512833736222 14623.75
1512833736253 14623.71
1512833736306 14639.06
1512833736676 14623.74
1512833736708 14623.69
1512833737122 14623.71
1512833737124 14639.56
1512833737125 14624.03
1512833737132 14623.66
1512833737174 14634.65
1512833737185 14624.43
1512833737195 14624.49
1512833737259 14623.75
1512833737375 14623.68
1512833737473 14646.39
1512833737506 14623.69
1512833737590 14569.01
1512833737706 14646.39
1512833737759 14623.64
1512833737780 14571.31
1512833737781 14623.75
1512833738089 14623.66
1512833738100 14569.01
1512833738301 14569.04
1512833738332 14656.88
1512833738342 14623.68
1512833738363 14623.61
1512833738555 14636.99
1512833738555 14623.63
1512833738565 14867.62
1512833738755 14995.12
1512833738800 14623.64
1512833738832 14623.61
1512833738842 14623.59
1512833738938 14624.49
1512833738992 14623.6
1512833739075 14569.06
1512833739128 14569.09
1512833739181 14569.06
1512833739191 14656.88
1512833739276 14569.09
1512833739424 14569.09
1512833739466 14623.63
1512833739468 14569.09
1512833739497 14623.6
1512833739540 14867.62
1512833739561 14574.93
1512833739562 14623.59
1512833739614 14574.93
1512833739815 14636.98
1512833739847 14623.56
1512833739878 14623.58
1512833739910 14650.78
1512833740058 14993.75
1512833740090 14650.78
1512833740185 14623.56
1512833740228 14623.58
1512833740281 14623.54
1512833740304 14623.55
1512833740325 14623.55
1512833740409 14623.53
1512833740461 14656.15
1512833740586 14623.53
1512833740722 14612.92
1512833740723 14612.92
1512833740724 14612.92
1512833740860 14623.54
1512833740861 14634.64
1512833740879 14623.51
1512833741024 14623.51
1512833741181 15255.73
1512833741348 14672.71
1512833741349 14623.51
1512833741349 15167.99
1512833741504 14623.48
1512833741640 14636.98
1512833741641 14639.06
1512833741692 14612.92
1512833741734 14634.63
1512833741800 14745.48
1512833741831 14639.05
1512833741958 14623.51
1512833742107 14623.46
1512833742429 14623.48
1512833742493 14623.43
1512833742889 14623.46
1512833743018 14623.41
1512833743196 14586.02
1512833743342 14623.43
1512833743344 14586.02
1512833743492 14623.38
1512833743492 14745.51
1512833743493 14623.75
1512833743493 14636.99
1512833743494 14624.49
1512833743494 14634.64
1512833743799 14623.41
1512833743800 14634.61
1512833744163 14586.02
1512833744269 15050
1512833744607 14575.07
1512833744730 14659.99
1512833744756 14623.5
1512833744807 14572.7
1512833744853 14634.63
1512833744968 14634.6
1512833745238 14659.97
1512833746508 14623.58
1512833746630 14612.92
1512833746995 14639.05
1512833747019 14656.14
1512833747088 14639.04
1512833747148 14612.92
1512833747489 14612.91
1512833747530 14612.91
1512833747994 15167.99
1512833748379 14918.64
1512833748403 14634.61
1512833748439 15309.99
1512833748487 14623.58
1512833748557 14623.36
1512833748875 14623.38
1512833749045 14623.33
1512833749153 14634.6
1512833749179 14918.64
1512833749286 14636.98
1512833749388 14623.36
1512833749412 14918.74
1512833749464 14623.31
1512833749677 14659.99
1512833749678 14659.97
1512833749722 14656.14
1512833749776 14623.33
1512833749906 14623.28
1512833750389 14623.31
1512833750492 14623.26
1512833750804 14623.28
1512833750926 14659.97
1512833750954 14623.23
1512833751428 14918.74
1512833751429 14623.26
1512833751430 14636.96
1512833751578 14612.91
1512833751579 14925.23
1512833751580 14656.14
1512833751730 14623.5
1512833752065 14623.23
1512833752172 14639.99
1512833752189 14624.47
1512833752332 14624.47
1512833752495 14636.98
1512833752495 14639.04
1512833752500 14636.97
1512833752640 14636.94
1512833752641 14639.03
1512833752874 14624.47
1512833752978 14636.96
1512833752979 14786.83
1512833753024 14624.47
1512833753119 14636.92
1512833753281 14624.47
1512833753674 14745.51
1512833753789 14745.5
1512833754217 14656.15
1512833754292 14925.23
1512833754315 14624.5
1512833754404 14893.08
1512833754436 14636.92
1512833754509 14672.71
1512833754520 14636.94
1512833754539 14656.9
1512833754656 14636.91
1512833754831 15250
1512833754894 15019.8
1512833755109 14656.9
1512833755143 14636.92
1512833755160 15309.99
1512833755230 14636.89
1512833755342 15333.99
1512833755501 14668.61
1512833755574 14636.91
1512833755755 14636.96
1512833755900 14659.97
1512833755907 14656.14
1512833755917 14639.99
1512833756192 14687.78
1512833756670 14745.49
1512833756672 14636.96
1512833756748 14636.88
1512833756875 14787.95
1512833757112 14636.89
1512833757168 14636.86
1512833757288 14825.2
1512833757334 14636.99
1512833757457 14639.03
1512833757492 14659.98
1512833757696 14672.7
1512833757706 14636.88
1512833757757 14636.97
1512833757758 14639.03
1512833757872 14636.85
1512833757989 14639.02
1512833758168 14826.31
1512833758211 14668.61
1512833758241 14745.5
1512833758332 14636.86
1512833758343 14636.83
1512833758622 14687.78
1512833758630 14680.81
1512833758828 14636.88
1512833758829 14732.99
1512833758830 14680.81
1512833758832 14636.85
1512833758983 14636.82
1512833759157 14667.88
1512833759196 14685.09
1512833759368 14636.83
1512833759369 14742.99
1512833759460 14636.8
1512833759745 14636.8
1512833760045 14636.82
1512833760140 14636.78
1512833760869 14636.8
1512833760870 14636.76
1512833761695 14636.76
1512833761856 14636.76
1512833762099 14612.9
1512833762100 14745.49
1512833762120 15333.99
1512833762127 14732.99
1512833762132 14742.99
1512833762244 14636.78
1512833762289 15324.2
1512833762358 14636.75
1512833762818 14636.76
1512833762819 14636.73
1512833763340 14742.98
1512833763341 14639.02
1512833763557 14639.01
1512833763558 14636.75
1512833763708 14636.72
1512833763855 14612.9
1512833764004 14729.98
1512833764005 14612.9
1512833764413 14667.88
1512833764535 14732.99
1512833764623 14685.09
1512833764784 14677.84
1512833765092 14636.88
1512833765271 14697.27
1512833765412 14677.84
1512833765541 14636.72
1512833765541 14697.27
1512833765706 14931.63
1512833765809 14690.77
1512833766473 14707.51
1512833766618 14636.72
1512833766790 14659.99
1512833766984 14636.73
1512833767060 14636.7
1512833767539 14636.69
1512833767642 14636.72
1512833767917 14690.77
1512833767974 14636.7
1512833767975 14636.69
1512833768025 14636.67
1512833768141 14636.66
1512833768228 14707.51
1512833768272 14694.43
1512833768300 14742.98
1512833768309 14729.98
1512833768337 14732.99
1512833768337 14636.66
1512833768484 14636.64
1512833768514 14636.67
1512833768522 14694.43
1512833768642 14636.64
1512833768695 14931.63
1512833768704 14639.01
1512833768776 14636.65
1512833768834 14639
1512833768937 14696.63
1512833768972 14729.98
1512833768995 14636.64
1512833769135 15324.2
1512833769167 14636.61
1512833769223 14696.63
1512833769301 15127.99
1512833769540 14636.61
1512833769620 14636.64
1512833769673 14696.87
1512833769680 14918.65
1512833769698 14696.6
1512833769731 14636.59
1512833769760 14636.65
1512833769823 14696.87
1512833770155 14742.97
1512833770210 14690.77
1512833770219 14696.6
1512833770249 14917.84
1512833770331 14636.56
1512833770396 15992
1512833770400 14709.66
1512833770427 14690.77
1512833770624 14709.66
1512833770649 14639.03
1512833770669 14732.99
1512833770712 14636.59
1512833770761 14636.54
1512833770781 14639.99
1512833770804 14710.78
1512833770833 14672.7
1512833770978 14699.89
1512833771046 14636.56
1512833771270 14636.54
1512833771277 14917.84
1512833771379 14636.51
1512833771515 14636.72
1512833771575 14726.24
1512833771792 14636.51
1512833771839 15045.93
1512833771955 14699.86
1512833772037 14636.54
1512833772087 14745.5
1512833772932 14710.78
1512833773257 14688.66
1512833773330 14726.24
1512833773347 14699.86
1512833773470 14636.69
1512833773530 14688.66
1512833773656 13296.58
1512833773702 13296.58
1512833773869 14709.64
1512833774046 14659.99
1512833774130 14636.69
1512833774134 14709.64
1512833774375 14729.95
1512833774487 14706.72
1512833774569 14729.98
1512833774587 14742.97
1512833774595 14732.99
1512833774733 14706.72
1512833774802 14729.95
1512833775011 14636.69
1512833775074 14695.74
1512833775179 14639
1512833775180 14712.83
1512833775229 14636.71
1512833775358 14638.99
1512833775455 14699.85
1512833775552 14636.69
1512833775694 15127.99
1512833775715 14636.68
1512833775821 14636.68
1512833775931 14729.98
1512833775959 15177.53
1512833777298 14636.71
1512833777506 14710.77
1512833777645 14636.72
1512833777807 14637
1512833778034 14712.83
1512833778108 13306.07
1512833778145 14695.74
1512833778204 14726.23
1512833778216 13306.07
1512833778397 14637
1512833778512 14704.03
1512833778733 14704.03
1512833779122 14715.01
1512833779391 14715.01
1512833779527 14636.99
1512833779761 14721.35
1512833780004 14735.33
1512833780142 14721.35
1512833780506 13280.17
1512833780507 14636.99
1512833780518 14707.69
1512833780537 14638.99
1512833780589 13280.17
1512833780643 14735.33
1512833780708 14636.29
1512833780716 14638.98
1512833780733 14707.69
1512833780836 14745.5
1512833780836 14924.23
1512833780857 14735.31
1512833780879 14729.98
1512833781006 14710.77
1512833781007 14726.23
1512833781021 14636.29
1512833781159 14637
1512833781338 14695.74
1512833781598 14637
1512833781600 15999
1512833781602 14637.01
1512833781689 14710.7
1512833781691 15200
1512833782236 14726.22
1512833782691 15177.53
1512833782693 14924.23
1512833782772 14638.98
1512833782911 14729.98
1512833782951 14695.74
1512833782981 14904.64
1512833783006 15302.44
1512833783301 14710.7
1512833783378 14721.34
1512833783380 14716.32
1512833783775 14638.97
1512833783776 14904.64
1512833783778 14637.23
1512833783789 14639.99
1512833783931 14637.23
1512833783934 14637.23
1512833784078 14699.89
1512833784222 14938.33
1512833784224 14735.08
1512833784238 14639.99
1512833784248 14716.32
1512833784300 14699.84
1512833784668 14637.23
1512833784669 14720.96
1512833784669 13306.58
1512833784709 13306.58
1512833784770 14638.97
1512833784812 14938.33
1512833784990 14905.14
1512833785021 14699.85
1512833785379 14635.32
1512833785380 16250
1512833785381 14635.32
1512833785605 14635.32
1512833785637 14635.32
1512833785856 13304.84
1512833786002 13304.84
1512833786089 13304.84
1512833786584 14699.88
1512833786590 14735.31
1512833786718 14720.94
1512833786812 14638.98
1512833786901 14639.99
1512833786960 14905.14
1512833786995 14640
1512833787099 14638.97
1512833787121 14726.22
1512833787142 14955.92
1512833787143 14729.98
1512833787143 14721.34
1512833787559 14720.96
1512833787570 14750
1512833787674 13304.85
1512833787758 13304.85
1512833787956 14638.97
1512833788071 14729.98
1512833788112 14718.27
1512833788146 14955.92
1512833788294 14951.12
1512833788441 14638.97
1512833788558 14732.99
1512833788939 14735.07
1512833788960 14699.9
1512833789113 14951.12
1512833789283 14955.12
1512833789537 14638.97
1512833789581 15302.44
1512833789738 15278.1
1512833789842 14699.9
1512833790137 14720.94
1512833790180 14718.25
1512833790200 14955.12
1512833790423 14951.72
1512833790487 14699.88
1512833792244 14699.83
1512833792328 14825.2
1512833792608 14862.57
1512833793140 14916.32
1512833793163 14718.27
1512833793391 14729.98
1512833793392 14732.99
1512833793393 14735.07
1512833793412 15045.93
1512833793505 14735.08
1512833793516 14696.86
1512833793828 14826.31
1512833794005 14729.98
1512833794026 14718.25
1512833794079 14863.69
1512833794121 14745.5
1512833794235 14712.47
1512833794558 15099
1512833794610 14732.99
1512833794778 14696.86
1512833795097 14701.25
1512833795161 14718.26
1512833796010 14646.87
1512833796624 15278.1
1512833796625 14951.72
1512833796666 14701.25
1512833796708 15316.35
1512833796761 14943.62
1512833797132 14692.23
1512833797132 14712.47
1512833797313 14640
1512833797852 14943.62
1512833797854 14707.59
1512833797927 14943.32
1512833798774 14635.33
1512833798775 14943.32
1512833798776 14646.87
1512833798777 14635.33
1512833798921 14929.73
1512833799198 14635.33
1512833799262 14635.33
1512833799389 14692.23
1512833799390 14635.33
1512833799717 14696.62
1512833799759 14729.98
1512833799769 14732.99
1512833799772 14699.83
1512833799780 14718.26
1512833799854 14929.73
1512833799960 14696.62
1512833800024 14922.63
1512833800292 14691.99
1512833800896 14659.99
1512833800897 14922.63
1512833800972 14718.25
1512833801024 13304.85
1512833801066 13304.85
1512833801236 14938.83
1512833802551 14610.37
1512833802553 14610.37
1512833802572 14610.37
1512833802636 14729.98
1512833803174 14938.83
1512833803199 14610.37
1512833803351 14941.33
1512833803383 14732.99
1512833803457 15316.35
1512833803481 14691.99
1512833803585 15295.99
1512833803804 14687.77
1512833805939 14607.9
1512833805940 14639.99
1512833805942 14607.9
1512833806024 14718.25
1512833806043 14729.98
1512833806054 14732.99
1512833806106 14699.84
1512833806242 14699.82
1512833807136 14607.87
1512833807178 14607.87
1512833807308 14718.24
1512833807339 14607.87
1512833807382 14607.87
1512833807551 14607.87
1512833807604 14607.87
1512833807721 14607.87
1512833807795 14607.83
1512833807841 14607.83
1512833808017 14607.83
1512833808070 14607.83
1512833808229 14607.87
1512833808250 14916.32
1512833808313 14607.87
1512833808398 14732.98
1512833808432 14941.33
1512833808602 14939.93
1512833808760 15047.45
1512833808909 14729.98
1512833809173 14916.85
1512833809237 14607.83
1512833809279 14607.83
1512833809395 14687.74
1512833809458 15047.45
1512833809544 14651.22
1512833810296 14610.37
1512833811058 14641.01
1512833811475 14916.85
1512833811772 14635.34
1512833811826 14635.34
1512833811962 15047.59
1512833812281 14718.24
1512833812282 14651.22
1512833812283 14732.98
1512833812285 14729.98
1512833812901 14916.05
1512833812902 14732.97
1512833813106 15047.59
1512833813264 14635.34
1512833813383 14641.01
1512833813821 14631
1512833814010 14732.99
1512833814234 14631
1512833814287 14916.05
1512833814381 14635.34
1512833814435 14639.99
1512833814859 15047.62
1512833815143 14729.98
1512833815717 13832.38
1512833815750 13832.38
1512833815849 13832.38
1512833815960 14699.25
1512833816384 15295.99
1512833816460 15278.1
1512833817103 14639.98
1512833818433 14732.97
1512833818445 14732.99
1512833818466 14729.98
1512833819073 14639.99
1512833819249 14641.14
1512833819301 14729.98
1512833819384 14687.73
1512833819458 14699.82
1512833819564 14699.24
1512833819880 14707.59
1512833819880 14687.74
1512833819965 14639.95
1512833820451 14639.95
1512833820503 14701.74
1512833820598 14639.98
1512833820713 14640
1512833820827 14687.7
1512833820952 14639.98
1512833821253 14641.14
1512833821254 14659.99
1512833821517 14732.96
1512833822112 14732.98
1512833823230 15278.1
1512833823441 15333.99
1512833823463 14740
1512833823484 14939.93
1512833823632 14937.23
1512833823960 14701.74
1512833823961 14687.7
1512833823992 14687.77
1512833824014 14639.95
1512833824270 14659.99
1512833824387 14688.62
1512833824545 14703.44
1512833824622 14937.23
1512833824632 14639.95
1512833824726 14729.98
1512833824737 14732.96
1512833824747 14732.98
1512833824789 14935.33
1512833824799 14687.7
1512833825094 14688.62
1512833825480 14689.11
1512833825824 14935.33
1512833825921 14937.53
1512833825974 14739.99
1512833826829 14937.53
1512833826881 14639.98
1512833826902 14940.73
1512833827030 14732.97
1512833827316 14639.99
1512833827646 14943.45
1512833827668 14639.99
1512833827922 14610
1512833827965 14610
1512833828144 15073.55
1512833828366 14732.99
1512833828975 14639.99
1512833829293 14639.99
1512833830097 14689.11
1512833830510 14692.52
1512833830511 14610
1512833830542 14610
1512833830722 14692.52
1512833830798 14703.44
1512833830808 14687.7
1512833830957 14739.99
1512833830978 14732.97
1512833831010 14732.99
1512833831052 14688.86
1512833831084 14639.96
1512833831539 14701.29
1512833831540 14639.96
1512833831666 14687.7
1512833832175 14732.99
1512833832227 14687.73
1512833832333 14687.69
1512833832354 14940.73
1512833832388 14699.24
1512833832555 14939.73
1512833832556 14687.7
1512833832557 14699.23
1512833832649 14610
1512833832680 14688.83
1512833832711 14688.83
1512833832733 14610
1512833832848 14862.57
1512833832973 14687.66
1512833833173 14688.86
1512833833465 14696.95
1512833833580 14879.07
1512833833601 14701.29
1512833833611 14687.66
1512833833716 14696.95
1512833833736 14639.96
1512833833935 14732.96
1512833834060 14610
1512833834165 14745.5
1512833834187 14863.69
1512833834188 14701.83
1512833834248 14739.98
1512833834279 14716.65
1512833834373 14639.94
1512833834394 14616.64
1512833834447 14616.64
1512833834487 14639.99
1512833834595 14739.98
1512833834595 14880.19
1512833834667 14639.96
1512833834816 14687.66
1512833834954 14639.99
1512833835303 14639.94
1512833835536 14701.83
1512833835855 14711.33
1512833835907 14716.65
1512833835918 14687.66
1512833836045 14639.96
1512833836577 14611.53
1512833836579 14611.53
1512833836704 14720
1512833836961 14639.99
1512833836962 15333.99
1512833837270 14732.99
1512833837273 15284.99
1512833837273 14732.96
1512833837291 14739.98
1512833837291 14726.15
1512833837311 14639.96
1512833837405 14699.2
1512833837531 14939.73
1512833837583 14699.2
1512833837596 14968.99
1512833837680 14942.23
1512833837799 14687.66
1512833838056 14792.84
1512833838108 15101.17
1512833838205 15981
1512833838506 14640
1512833839125 14766.99
1512833839412 14711.33
1512833839676 14942.23
1512833839697 14781.35
1512833839740 14687.66
1512833839793 14715.23
1512833839965 14952.52
1512833840017 14699.2
1512833840049 13296.49
1512833840113 13296.49
1512833840411 14699.2
1512833840518 14687.66
1512833840750 14952.52
1512833840751 14687.66
1512833840782 13296.49
1512833840993 13296.49
1512833841057 14659.99
1512833841109 14957.22
1512833841130 14699.2
1512833841269 14640
1512833841398 14597.43
1512833841408 14699.2
1512833841450 14597.43
1512833841567 14687.66
1512833841779 14626.14
1512833841780 14687.66
1512833841782 14626.14
1512833841876 14957.22
1512833841887 13296.49
1512833841918 14699.2
1512833841981 13296.49
1512833842112 14964.21
1512833842336 14739.98
1512833842429 14699.2
1512833842450 14699.18
1512833842544 14687.66
1512833842805 14687.65
1512833842806 14687.66
1512833842892 14699.2
1512833842966 14626.14
1512833843029 14626.14
1512833843389 14626.14
1512833843421 14699.2
1512833843422 14792.84
1512833843444 14766.99
1512833843453 14781.35
1512833843527 14626.14
1512833843590 14626.14
1512833843709 14639.97
1512833843740 14626.15
1512833843815 14726.15
1512833844026 15284.99
1512833844048 14639.97
1512833844122 14639.99
1512833844271 14626.14
1512833844314 14715.23
1512833844377 14626.14
1512833844398 15458.57
1512833844418 14626.11
1512833844648 14639.99
1512833844661 14765.2
1512833844682 14626.11
1512833844734 14718.94
1512833844838 14687.62
1512833844890 14734.5
1512833845349 14687.69
1512833845443 14699.18
1512833845464 14687.68
1512833845495 14718.92
1512833845527 14699.23
1512833845652 14612
1512833845798 14699.22
1512833845829 14720
1512833845850 14781.34
1512833845892 14607.91
1512833845965 14687.62
1512833846038 14639.99
1512833846153 14639.97
1512833846385 14639.97
1512833846427 14639.99
1512833846552 14766.99
1512833846606 14639.96
1512833846998 14639.99
1512833847019 14639.96
1512833847146 14639.93
1512833847464 14639.99
1512833847720 14639.93
1512833847940 14639.93
1512833848342 14964.21
1512833848406 14639.92
1512833848521 14935.83
1512833849386 14639.92
1512833849417 14935.83
1512833849480 14639.98
1512833849481 14639.99
1512833849587 14925.93
1512833849682 14765.2
1512833849703 14781.34
1512833849725 14766.99
1512833850116 14639.98
1512833850221 14718.94
1512833850507 14639.98
1512833850528 14925.93
1512833850570 14722.84
1512833850676 15458.57
1512833850678 14921.74
1512833850901 15458.57
1512833850954 14766.99
1512833851727 14921.74
1512833851728 14687.65
1512833851943 14919.84
1512833851944 14639.96
1512833852132 14781.35
1512833852249 14639.96
1512833852733 14781.33
1512833852744 14866.76
1512833853666 14639.95
1512833854473 14639.96
1512833854499 14632.28
1512833854780 14632.28
1512833855127 14639.97
1512833855336 14639.95
1512833855590 14639.95
1512833855960 14766.99
1512833855981 14781.35
1512833855992 14781.33
1512833857032 14639.99
1512833857180 14781.32
1512833857510 15458.57
1512833857551 14639.97
1512833857739 15711.99
1512833858282 14639.96
1512833858313 14766.99
1512833859190 14639.96
1512833859401 14781.34
1512833859614 14639.97
1512833859730 14639.99
1512833859740 14632.28
1512833859741 14718.92
1512833859783 14632.28
1512833859889 14719.98
1512833860728 14639.97
1512833861233 14648.38
1512833861275 14919.84
1512833861559 14938.13
1512833861591 14639.96
1512833861768 14639.94
1512833861893 14639.94
1512833862050 14639.93
1512833862091 14639.93
1512833862217 14781.32
1512833862227 14639.91
1512833862249 14766.99
1512833862269 14781.34
1512833862321 14648.38
1512833862331 14722.84
1512833862332 14639.91
1512833862415 14938.13
1512833862446 14639.9
1512833862553 14940.43
1512833862563 14639.9
1512833862681 14719.62
1512833862715 14639.88
1512833862777 14639.88
1512833863119 14639.93
1512833863213 14719.6
1512833863495 14719.98
1512833863609 14648.42
1512833864204 14639.97
1512833864436 15711.99
1512833864553 14754.99
1512833864584 14639.96
1512833864616 15717.99
1512833865023 14639.93
1512833865139 14765.2
1512833865150 14687.68
1512833865171 14648.42
1512833865319 14699.22
1512833865330 14639.99
1512833865531 14687.67
1512833865574 14687.65
1512833866158 14687.65
1512833866180 14687.62
1512833866234 14766.98
1512833866411 14639.89
1512833866703 14687.62
1512833866842 14639.89
1512833866969 14639.86
1512833867150 14639.86
1512833867466 14639.86
1512833868135 14639.89
1512833868245 14639.95
1512833868521 14754.99
1512833868522 14765.2
1512833868531 14766.98
1512833869010 15099
1512833869041 14966.96
1512833869158 14765.2
1512833869383 15101.17
1512833869870 14639.89
1512833869964 14635.8
1512833870557 14639.89
1512833870641 14620
1512833870697 14620
1512833870791 14620
1512833870924 14766.97
1512833870944 14648.75
1512833871459 15717.99
1512833871460 14754.99
1512833871585 15578.77
1512833872052 14648.75
1512833872347 14719.62
1512833872686 14716.16
1512833872919 14645.66
1512833873455 14879.07
1512833873457 14639.94
1512833873747 14645.66
1512833874236 15099
1512833874237 14892.61
1512833874278 14635.8
1512833874621 14719.6
1512833874718 14880.19
1512833874771 14765.2
1512833874772 14716.14
1512833874826 14766.97
1512833874828 14754.99
1512833875057 14893.73
1512833875132 14635.8
1512833875226 14645.61
1512833875258 14716.16
1512833875568 14742.99
1512833875568 14734.5
1512833875588 14712.99
1512833875672 16500
1512833876042 14639.94
1512833876042 14729.43
1512833876044 14745.51
1512833876605 14749.99
1512833876827 15906
1512833877717 14635.79
1512833877812 14635.79
1512833877981 15578.77
1512833878148 14635.79
1512833878262 15594.34
1512833878544 14639.99
1512833878575 14712.99
1512833878576 14639.99
1512833878648 14687.67
1512833878762 14729.43
1512833878773 14687.66
1512833878951 14700.82
1512833879097 14717.5
1512833879233 14739.98
1512833879473 14700.82
1512833879525 14716.14
1512833879664 14717.5
1512833879823 14693.75
1512833880077 14704.59
1512833880109 14693.75
1512833880481 14639.95
1512833880546 14689.12
1512833881005 14742.99
1512833881015 14745.51
1512833881036 14749.99
1512833881109 14638.14
1512833881308 14645.61
1512833881724 14742.99
1512833881840 14635.79
1512833881956 14640
1512833882083 14635.79
1512833882189 14637.64
1512833882210 14739.98
1512833882358 14699.23
1512833882791 14739.99
1512833882823 14637.64
1512833883670 14638.06
1512833883840 13290.91
1512833883903 13290.91
1512833884086 14941.1
1512833884139 13290.91
1512833884192 13290.91
1512833884202 15073.55
1512833884318 14635.78
1512833884477 14739.97
1512833884964 15594.34
1512833884985 14940.43
1512833885144 14942.43
1512833885165 15537.99
1512833885197 14638.14
1512833885239 14635.64
1512833885250 14638.06
